time (s)	det(V)
2880.633296	0.092922	
2880.634819	0.141786	
2880.636567	0.114208	
2880.638050	0.132782	
2880.639857	0.134519	
2880.641336	0.170838	
2880.643128	0.122446	
2880.644613	0.171454	
2880.646377	0.162761	
2880.647877	0.174963	
2880.649466	0.196986	
2880.650997	0.168481	
2880.652550	0.238445	
2880.654149	0.209727	
2880.655645	0.201050	
2880.657280	0.230352	
2880.658855	0.249314	
2880.660474	0.227432	
2880.661994	0.233031	
2880.663683	0.298874	
2880.665171	0.253100	
2880.666898	0.262438	
2880.668464	0.299652	
2880.670175	0.291772	
2880.671721	0.336475	
2880.673435	0.312216	
2880.675000	0.366071	
2880.676702	0.351524	
2880.678264	0.381048	
2880.679984	0.392452	
2880.681497	0.395920	
2880.683255	0.404416	
2880.684746	0.452059	
2880.686538	0.457453	
2880.688025	0.482755	
2880.689798	0.493398	
2880.691285	0.507308	
2880.693063	0.520073	
2880.694549	0.581747	
2880.696334	0.576079	
2880.697813	0.650450	
2880.699580	0.630735	
2880.701088	0.663320	
2880.702846	0.686088	
2880.704364	0.668880	
2880.706113	0.717763	
2880.707629	0.741433	
2880.709361	0.757490	
2880.710893	0.812545	
2880.712603	0.812779	
2880.714147	0.857747	
2880.715831	0.877019	
2880.717394	0.882010	
2880.719084	0.915767	
2880.720701	0.913406	
2880.722201	0.946229	
2880.723844	0.974065	
2880.725369	1.000789	
2880.727016	0.985594	
2880.728513	1.056887	
2880.730147	1.084396	
2880.731635	1.082185	
2880.733344	1.109598	
2880.734831	1.142255	
2880.736559	1.130235	
2880.738044	1.129034	
2880.739750	1.145265	
2880.741232	1.180355	
2880.743011	1.141454	
2880.744489	1.192481	
2880.746281	1.157785	
2880.747776	1.134706	
2880.749563	1.151803	
2880.751064	1.152955	
2880.752793	1.149506	
2880.754306	1.153942	
2880.756028	1.128293	
2880.757562	1.080876	
2880.759253	1.098335	
2880.760805	1.073685	
2880.762523	1.045846	
2880.764083	1.043694	
2880.765777	0.991423	
2880.767348	0.960433	
2880.769017	0.933367	
2880.770589	0.875657	
2880.772256	0.854118	
2880.773859	0.810088	
2880.775480	0.773535	
2880.777105	0.733087	
2880.778737	0.685448	
2880.780354	0.618719	
2880.781980	0.594513	
2880.783654	0.531506	
2880.785242	0.509866	
2880.786921	0.404569	
2880.788487	0.397745	
2880.790185	0.314850	
2880.791768	0.262889	
2880.793452	0.178045	
2880.794936	0.119751	
2880.796595	0.066557	
2880.798083	0.052160	
2880.799712	-0.062655	
2880.801218	-0.104659	
2880.802826	-0.178144	
2880.804333	-0.227555	
2880.805991	-0.267471	
2880.807518	-0.319707	
2880.809153	-0.368510	
2880.810721	-0.421474	
2880.812302	-0.499027	
2880.813916	-0.549301	
2880.815564	-0.585556	
2880.817174	-0.616727	
2880.818794	-0.675005	
2880.820424	-0.719586	
2880.822057	-0.746652	
2880.823693	-0.822131	
2880.825301	-0.841362	
2880.826952	-0.879353	
2880.828534	-0.838764	
2880.830213	-0.931234	
2880.831787	-0.937385	
2880.833493	-0.970397	
2880.835056	-0.955549	
2880.836735	-1.017432	
2880.838279	-1.014556	
2880.839991	-1.064173	
2880.841535	-1.004674	
2880.843281	-1.044845	
2880.844778	-1.042927	
2880.846544	-1.029525	
2880.848029	-1.031926	
2880.849789	-1.017883	
2880.851272	-1.006253	
2880.853040	-1.013295	
2880.854536	-0.970752	
2880.856305	-0.978365	
2880.857779	-0.968625	
2880.859547	-0.967851	
2880.861055	-0.913743	
2880.862789	-0.905364	
2880.864308	-0.894093	
2880.866019	-0.852343	
2880.867550	-0.858442	
2880.869075	-0.819234	
2880.870688	-0.756389	
2880.872184	-0.782528	
2880.873822	-0.767040	
2880.875374	-0.708516	
2880.877018	-0.699537	
2880.878505	-0.657868	
2880.880202	-0.617367	
2880.881687	-0.620082	
2880.883414	-0.586031	
2880.884963	-0.550010	
2880.886673	-0.560556	
2880.888210	-0.488288	
2880.889932	-0.485291	
2880.891452	-0.471006	
2880.893200	-0.460952	
2880.894689	-0.427831	
2880.896464	-0.398670	
2880.897954	-0.366608	
2880.899737	-0.375741	
2880.901225	-0.329282	
2880.903002	-0.333262	
2880.904488	-0.319401	
2880.906239	-0.286368	
2880.907734	-0.255459	
2880.909485	-0.257836	
2880.911001	-0.241831	
2880.912761	-0.228103	
2880.914280	-0.170764	
2880.915998	-0.181568	
2880.917528	-0.159794	
2880.919223	-0.171094	
2880.920776	-0.162260	
2880.922445	-0.137151	
2880.924006	-0.146159	
2880.925663	-0.120873	
2880.927259	-0.103656	
2880.928924	-0.075482	
2880.930508	-0.108635	
2880.932152	-0.052484	
2880.933766	-0.050667	
2880.935384	-0.041841	
2880.937042	-0.083599	
2880.938535	-0.041761	
2880.940176	-0.026163	
2880.941652	-0.063344	
2880.943292	-0.015367	
2880.944771	-0.002996	
2880.946405	-0.013703	
2880.947894	0.049727	
2880.949608	0.004376	
2880.951108	0.004581	
2880.952796	0.017355	
2880.954317	0.038564	
2880.955971	0.020827	
2880.957510	-0.034175	
2880.959209	0.014890	
2880.960761	0.051221	
2880.962482	0.027341	
2880.964053	0.055636	
2880.965715	0.055680	
2880.967297	0.047580	
2880.968956	0.039253	
2880.970565	0.036699	
2880.972222	0.045271	
2880.973830	0.070360	
2880.975487	0.061763	
2880.977078	0.043334	
2880.978696	0.071113	
2880.980370	0.038625	
2880.981957	0.079303	
2880.983615	0.061465	
2880.985223	0.058758	
2880.986888	0.059866	
2880.988482	0.105386	
2880.990180	0.056861	
2880.991752	0.099658	
2880.993446	0.053900	
2880.994989	0.076116	
2880.996699	0.057296	
2880.998258	0.079315	
2880.999945	0.071149	
2881.001472	0.070831	
2881.003215	0.076668	
2881.004713	0.090848	
2881.006502	0.052333	
2881.007991	0.121141	
2881.009771	0.068897	
2881.011252	0.074380	
2881.012879	0.059169	
2881.014402	0.055547	
2881.015983	0.077449	
2881.017546	0.101406	
2881.019074	0.038600	
2881.020662	0.129568	
2881.022246	0.084584	
2881.023863	0.051918	
2881.025422	0.098989	
2881.027046	0.068575	
2881.028554	0.125390	
2881.030238	0.103827	
2881.031837	0.095380	
2881.033532	0.081937	
2881.035102	0.101027	
2881.036791	0.077502	
2881.038354	0.072321	
2881.040070	0.081619	
2881.041618	0.093792	
2881.043299	0.091017	
2881.044849	0.088185	
2881.046573	0.086956	
2881.048093	0.065667	
2881.049861	0.067572	
2881.051340	0.109197	
2881.053125	0.074775	
2881.054613	0.095311	
2881.056382	0.099581	
2881.057864	0.106465	
2881.059658	0.072664	
2881.061149	0.069610	
2881.062931	0.100238	
2881.064425	0.101329	
2881.066181	0.100266	
2881.067679	0.085297	
2881.069428	0.081047	
2881.070951	0.076789	
2881.072691	0.066569	
2881.074225	0.089269	
2881.075971	0.088797	
2881.077497	0.031285	
2881.079213	0.075673	
2881.080766	0.096294	
2881.082461	0.081075	
2881.084055	0.040103	
2881.085541	0.069441	
2881.087212	0.064813	
2881.088719	0.063814	
2881.090381	0.025750	
2881.091883	0.089659	
2881.093597	0.090985	
2881.095083	0.114236	
2881.096797	0.086702	
2881.098288	0.099762	
2881.100002	0.069836	
2881.101496	0.088439	
2881.103230	0.086666	
2881.104736	0.064672	
2881.106500	0.056675	
2881.107982	0.063999	
2881.109751	0.078912	
2881.111236	0.103521	
2881.113006	0.085796	
2881.114496	0.111146	
2881.116283	0.084874	
2881.117763	0.074489	
2881.119534	0.091303	
2881.121031	0.051825	
2881.122777	0.078058	
2881.124294	0.118260	
2881.126039	0.075979	
2881.127561	0.089099	
2881.129310	0.077276	
2881.130839	0.059000	
2881.132550	0.071500	
2881.134093	0.103025	
2881.135785	0.083705	
2881.137350	0.116858	
2881.139042	0.080128	
2881.140610	0.100729	
2881.142259	0.091524	
2881.143862	0.091553	
2881.145531	0.083887	
2881.147122	0.085059	
2881.148754	0.091142	
2881.150359	0.084253	
2881.151972	0.075649	
2881.153629	0.080797	
2881.155224	0.100487	
2881.156907	0.072261	
2881.158389	0.110744	
2881.160044	0.091718	
2881.161519	0.071081	
2881.163155	0.113028	
2881.164648	0.089152	
2881.166288	0.047217	
2881.167789	0.028231	
2881.169475	0.059552	
2881.170993	0.048264	
2881.172655	0.072354	
2881.174184	0.087138	
2881.175814	0.060526	
2881.177368	0.058798	
2881.179058	0.079452	
2881.180629	0.086678	
2881.182306	0.083311	
2881.183898	0.097087	
2881.185521	0.077284	
2881.187142	0.081711	
2881.188795	0.076579	
2881.190402	0.046025	
2881.192042	0.082751	
2881.193659	0.101136	
2881.195255	0.080257	
2881.196924	0.063020	
2881.198490	0.087170	
2881.200166	0.072527	
2881.201748	0.106308	
2881.203462	0.067620	
2881.205038	0.084229	
2881.206732	0.101640	
2881.208308	0.075484	
2881.210019	0.048047	
2881.211574	0.137109	
2881.213280	0.059584	
2881.214813	0.090469	
2881.216554	0.061481	
2881.218055	0.078984	
2881.219815	0.078054	
2881.221307	0.098328	
2881.223114	0.069135	
2881.224602	0.097571	
2881.226400	0.069429	
2881.227884	0.064293	
2881.229398	0.086324	
2881.230959	0.063532	
2881.232527	0.074779	
2881.234106	0.084273	
2881.235595	0.083967	
2881.237241	0.050323	
2881.238799	0.078082	
2881.240410	0.049368	
2881.241927	0.096588	
2881.243620	0.044292	
2881.245101	0.100209	
2881.246807	0.074702	
2881.248291	0.107968	
2881.249996	0.076688	
2881.251573	0.068003	
2881.253283	0.071475	
2881.254812	0.107754	
2881.256558	0.049831	
2881.258063	0.067008	
2881.259824	0.056688	
2881.261304	0.071488	
2881.263078	0.069735	
2881.264569	0.086400	
2881.266358	0.072068	
2881.267837	0.039595	
2881.269625	0.089216	
2881.271106	0.062488	
2881.272878	0.066541	
2881.274378	0.052272	
2881.276115	0.072672	
2881.277622	0.096205	
2881.279363	0.064958	
2881.280904	0.093140	
2881.282628	0.083754	
2881.284165	0.109994	
2881.285876	0.070291	
2881.287420	0.049682	
2881.289120	0.066049	
2881.290680	0.068720	
2881.292359	0.078702	
2881.293939	0.067161	
2881.295609	0.080028	
2881.297196	0.076567	
2881.298864	0.069453	
2881.300483	0.059761	
2881.302001	0.089091	
2881.303660	0.067145	
2881.305144	0.061602	
2881.306787	0.093240	
2881.308270	0.087609	
2881.309910	0.073389	
2881.311392	0.065791	
2881.313097	0.078340	
2881.314581	0.102598	
2881.316276	0.083536	
2881.317770	0.115920	
2881.319450	0.059898	
2881.320971	0.083307	
2881.322723	0.069220	
2881.324246	0.072696	
2881.325963	0.074319	
2881.327504	0.071407	
2881.329208	0.079951	
2881.330764	0.073397	
2881.332474	0.078602	
2881.334037	0.109624	
2881.335725	0.068724	
2881.337298	0.083810	
2881.338963	0.076664	
2881.340541	0.053993	
2881.342196	0.072720	
2881.343780	0.074021	
2881.345433	0.072922	
2881.347053	0.074617	
2881.348671	0.086799	
2881.350320	0.072660	
2881.351940	0.089836	
2881.353579	0.057397	
2881.355186	0.077635	
2881.356846	0.040900	
2881.358437	0.093655	
2881.360123	0.050726	
2881.361687	0.107420	
2881.363397	0.094284	
2881.364941	0.074662	
2881.366660	0.077163	
2881.368208	0.070952	
2881.369899	0.056889	
2881.371404	0.100749	
2881.373171	0.066218	
2881.374650	0.065534	
2881.376279	0.072644	
2881.377762	0.065143	
2881.379370	0.078163	
2881.380902	0.057586	
2881.382457	0.089329	
2881.384031	0.065413	
2881.385629	0.083444	
2881.387230	0.040594	
2881.388785	0.083299	
2881.390408	0.067193	
2881.391948	0.086775	
2881.393621	0.098510	
2881.395199	0.079186	
2881.396864	0.073220	
2881.398466	0.093019	
2881.400146	0.045130	
2881.401722	0.111082	
2881.403419	0.068192	
2881.404980	0.056091	
2881.406694	0.027273	
2881.408237	0.084455	
2881.409965	0.064913	
2881.411516	0.075093	
2881.413229	0.047104	
2881.414739	0.083572	
2881.416505	0.040755	
2881.417985	0.087830	
2881.419762	0.074303	
2881.421251	0.072845	
2881.423041	0.072833	
2881.424533	0.078581	
2881.426319	0.061683	
2881.427808	0.081780	
2881.429593	0.045106	
2881.431074	0.112016	
2881.432855	0.055028	
2881.434353	0.030089	
2881.436096	0.061783	
2881.437611	0.071435	
2881.439340	0.058863	
2881.440861	0.075963	
2881.442601	0.067862	
2881.444127	0.058351	
2881.445826	0.082005	
2881.447393	0.058242	
2881.448896	0.072978	
2881.450553	0.048691	
2881.452045	0.083214	
2881.453683	0.027925	
2881.455209	0.064728	
2881.456851	0.017983	
2881.458326	0.093982	
2881.460057	0.065328	
2881.461530	0.086070	
2881.463250	0.071270	
2881.464735	0.090006	
2881.466458	0.069490	
2881.467941	0.100858	
2881.469729	0.040518	
2881.471218	0.039736	
2881.473009	0.063503	
2881.474490	0.068132	
2881.476264	0.046452	
2881.477745	0.113696	
2881.479521	0.055475	
2881.481015	0.095122	
2881.482759	0.064208	
2881.484272	0.084116	
2881.486010	0.061872	
2881.487530	0.088233	
2881.489241	0.070726	
2881.490777	0.036731	
2881.492492	0.067060	
2881.494050	0.102437	
2881.495748	0.080350	
2881.497307	0.106236	
2881.498985	0.072241	
2881.500572	0.058202	
2881.502247	0.069828	
2881.503837	0.053050	
2881.505492	0.068482	
2881.507097	0.065683	
2881.508747	0.064216	
2881.510377	0.057409	
2881.512006	0.080729	
2881.513640	0.082618	
2881.515244	0.071770	
2881.516886	0.076648	
2881.518502	0.070041	
2881.520139	0.049932	
2881.521642	0.036123	
2881.523290	0.062400	
2881.524770	0.056897	
2881.526410	0.071206	
2881.527892	0.039624	
2881.529529	0.071741	
2881.531022	0.117133	
2881.532680	0.083500	
2881.534199	0.064990	
2881.535861	0.060394	
2881.537418	0.077719	
2881.539020	0.068998	
2881.540601	0.066065	
2881.542271	0.065610	
2881.543859	0.050601	
2881.545502	0.069985	
2881.547098	0.109543	
2881.548753	0.067350	
2881.550359	0.037916	
2881.552006	0.073937	
2881.553643	0.072756	
2881.555243	0.067943	
2881.556913	0.066541	
2881.558524	0.087419	
2881.560168	0.038552	
2881.561762	0.082904	
2881.563430	0.061239	
2881.565004	0.066484	
2881.566709	0.057634	
2881.568250	0.058355	
2881.569963	0.044989	
2881.571505	0.076998	
2881.573226	0.041895	
2881.574750	0.081703	
2881.576472	0.058214	
2881.577963	0.085168	
2881.579746	0.042045	
2881.581224	0.056841	
2881.583006	0.058122	
2881.584491	0.073647	
2881.586257	0.021722	
2881.587744	0.055733	
2881.589510	0.061090	
2881.591012	0.040284	
2881.592781	0.055733	
2881.594287	0.052768	
2881.595872	0.066440	
2881.597414	0.107634	
2881.598920	0.088999	
2881.600555	0.046294	
2881.602121	0.059713	
2881.603730	0.068503	
2881.605272	0.083017	
2881.606959	0.050689	
2881.608439	0.048019	
2881.610150	0.029440	
2881.611622	0.074972	
2881.613354	0.059016	
2881.614914	0.092660	
2881.616605	0.050242	
2881.618160	0.059669	
2881.619874	0.070138	
2881.621402	0.052522	
2881.623177	0.057235	
2881.624671	0.063765	
2881.626451	0.030246	
2881.627932	0.034628	
2881.629695	0.025146	
2881.631184	0.032272	
2881.632970	0.066057	
2881.634465	0.074843	
2881.636249	0.048232	
2881.637727	0.064543	
2881.639486	0.041916	
2881.640979	0.059088	
2881.642741	0.045022	
2881.644256	0.045106	
2881.646020	0.053163	
2881.647552	0.068966	
2881.649270	0.058492	
2881.650799	0.073933	
2881.652510	0.074086	
2881.654053	0.071004	
2881.655756	0.069832	
2881.657313	0.075725	
2881.659000	0.057183	
2881.660585	0.094791	
2881.662265	0.061892	
2881.663879	0.059971	
2881.665378	0.106187	
2881.667004	0.075798	
2881.668528	0.113084	
2881.670164	0.078594	
2881.671657	0.059145	
2881.673293	0.121008	
2881.674789	0.103009	
2881.676516	0.050186	
2881.678007	0.074340	
2881.679722	0.100894	
2881.681207	0.142950	
2881.682907	0.108786	
2881.684385	0.148581	
2881.686153	0.122510	
2881.687650	0.113918	
2881.689402	0.124029	
2881.690920	0.083448	
2881.692672	0.125753	
2881.694197	0.155756	
2881.695927	0.148509	
2881.697457	0.129959	
2881.699174	0.166648	
2881.700725	0.165795	
2881.702434	0.185360	
2881.703995	0.213232	
2881.705689	0.204483	
2881.707261	0.199689	
2881.708941	0.218759	
2881.710521	0.205566	
2881.712186	0.233636	
2881.713761	0.250824	
2881.715384	0.251276	
2881.717005	0.271554	
2881.718619	0.306169	
2881.720266	0.287909	
2881.721888	0.322665	
2881.723553	0.285786	
2881.725158	0.331310	
2881.726847	0.323503	
2881.728430	0.348970	
2881.730119	0.358961	
2881.731674	0.397282	
2881.733382	0.357107	
2881.734948	0.436095	
2881.736635	0.459467	
2881.738124	0.460116	
2881.739754	0.501374	
2881.741251	0.476789	
2881.742895	0.488870	
2881.744373	0.560812	
2881.745962	0.582262	
2881.747482	0.545210	
2881.749130	0.581115	
2881.750693	0.632000	
2881.752312	0.605413	
2881.753906	0.621611	
2881.755492	0.649149	
2881.757095	0.682701	
2881.758738	0.715124	
2881.760359	0.713835	
2881.761992	0.779006	
2881.763611	0.759291	
2881.765217	0.812602	
2881.766859	0.801766	
2881.768462	0.854827	
2881.770137	0.850722	
2881.771696	0.883782	
2881.773396	0.936271	
2881.774952	0.945178	
2881.776652	0.952421	
2881.778218	0.993659	
2881.779916	0.977437	
2881.781467	1.034889	
2881.783204	0.986649	
2881.784739	1.049765	
2881.786492	1.034792	
2881.787993	1.072420	
2881.789762	1.044798	
2881.791253	1.070833	
2881.793032	1.067184	
2881.794533	1.101050	
2881.796328	1.078112	
2881.797807	1.114673	
2881.799612	1.096107	
2881.801093	1.081379	
2881.802876	1.028705	
2881.804356	1.033660	
2881.806101	1.013825	
2881.807609	1.008652	
2881.809333	0.992503	
2881.810874	0.960538	
2881.812453	0.957146	
2881.814045	0.959801	
2881.815541	0.903231	
2881.817216	0.839322	
2881.818708	0.799248	
2881.820328	0.768883	
2881.821863	0.743569	
2881.823553	0.699394	
2881.825032	0.694246	
2881.826759	0.597546	
2881.828231	0.558951	
2881.829940	0.511932	
2881.831480	0.484447	
2881.833201	0.401387	
2881.834737	0.370884	
2881.836476	0.303559	
2881.837986	0.264380	
2881.839764	0.207786	
2881.841245	0.134458	
2881.843031	0.076740	
2881.844529	0.064801	
2881.846285	-0.015472	
2881.847771	-0.076908	
2881.849560	-0.102234	
2881.851050	-0.142924	
2881.852825	-0.217685	
2881.854322	-0.253102	
2881.856082	-0.320230	
2881.857595	-0.360175	
2881.859324	-0.406839	
2881.860847	-0.437213	
2881.862560	-0.465294	
2881.864099	-0.522021	
2881.865806	-0.557494	
2881.867359	-0.578639	
2881.869053	-0.616509	
2881.870609	-0.669627	
2881.872290	-0.695021	
2881.873861	-0.703714	
2881.875527	-0.743276	
2881.877125	-0.745299	
2881.878767	-0.774782	
2881.880376	-0.783487	
2881.882018	-0.775547	
2881.883637	-0.824318	
2881.885168	-0.840774	
2881.886802	-0.872296	
2881.888298	-0.852110	
2881.889936	-0.849870	
2881.891424	-0.836298	
2881.893146	-0.834143	
2881.894635	-0.865367	
2881.896338	-0.851131	
2881.897818	-0.851924	
2881.899538	-0.818010	
2881.901022	-0.833881	
2881.902772	-0.832584	
2881.904288	-0.810489	
2881.906041	-0.805703	
2881.907564	-0.771197	
2881.909292	-0.789087	
2881.910816	-0.725661	
2881.912534	-0.746801	
2881.914073	-0.773215	
2881.915773	-0.696234	
2881.917318	-0.728380	
2881.919010	-0.681349	
2881.920582	-0.668877	
2881.922265	-0.639882	
2881.923832	-0.640305	
2881.925496	-0.598712	
2881.927080	-0.572983	
2881.928728	-0.521461	
2881.930351	-0.495635	
2881.931972	-0.482290	
2881.933606	-0.505384	
2881.935198	-0.468396	
2881.936868	-0.455953	
2881.938476	-0.432222	
2881.940141	-0.439021	
2881.941735	-0.379000	
2881.943416	-0.395157	
2881.944979	-0.331119	
2881.946676	-0.346757	
2881.948234	-0.335554	
2881.949928	-0.317306	
2881.951491	-0.321080	
2881.953183	-0.281832	
2881.954678	-0.287532	
2881.956318	-0.263222	
2881.957819	-0.222403	
2881.959425	-0.195143	
2881.960943	-0.212577	
2881.962520	-0.208980	
2881.964059	-0.186248	
2881.965674	-0.141333	
2881.967250	-0.156145	
2881.968862	-0.142731	
2881.970478	-0.151504	
2881.972048	-0.138090	
2881.973659	-0.105920	
2881.975278	-0.092276	
2881.976933	-0.123564	
2881.978516	-0.082535	
2881.980190	-0.088397	
2881.981796	-0.054542	
2881.983446	-0.092848	
2881.985047	-0.037700	
2881.986727	-0.092864	
2881.988283	-0.042260	
2881.989986	-0.041704	
2881.991536	-0.005659	
2881.993235	-0.042393	
2881.994787	-0.021261	
2881.996486	-0.028600	
2881.997994	0.041722	
2881.999755	-0.026570	
2882.001256	0.041259	
2882.003053	0.015687	
2882.004542	0.025645	
2882.006334	0.019961	
2882.007820	0.034302	
2882.009586	0.001914	
2882.011065	0.054834	
2882.012846	0.034685	
2882.014343	0.028856	
2882.016118	0.022374	
2882.017615	0.074859	
2882.019354	0.050226	
2882.020866	0.009089	
2882.022565	0.042137	
2882.024099	0.006660	
2882.025784	0.048566	
2882.027371	0.053590	
2882.028865	0.050943	
2882.030534	0.009806	
2882.032030	0.076072	
2882.033668	0.035623	
2882.035197	0.058835	
2882.036860	0.022241	
2882.038357	0.062823	
2882.040057	0.072736	
2882.041545	0.076358	
2882.043280	0.096032	
2882.044758	0.063951	
2882.046475	0.081401	
2882.047964	0.068003	
2882.049727	0.080547	
2882.051214	0.063608	
2882.052984	0.044876	
2882.054480	0.061219	
2882.056260	0.065711	
2882.057734	0.092628	
2882.059523	0.058484	
2882.061003	0.121249	
2882.062760	0.067181	
2882.064263	0.071741	
2882.066024	0.074352	
2882.067540	0.075065	
2882.069283	0.073127	
2882.070814	0.054242	
2882.072551	0.064994	
2882.074096	0.101100	
2882.075810	0.066142	
2882.077362	0.095694	
2882.079052	0.090771	
2882.080609	0.080833	
2882.082288	0.081550	
2882.083868	0.107803	
2882.085560	0.085224	
2882.087145	0.067810	
2882.088793	0.073377	
2882.090373	0.073631	
2882.092031	0.091331	
2882.093633	0.079246	
2882.095257	0.091222	
2882.096901	0.061054	
2882.098510	0.102925	
2882.100191	0.048639	
2882.101678	0.115980	
2882.103314	0.085196	
2882.104794	0.066754	
2882.106439	0.065586	
2882.107934	0.081699	
2882.109556	0.082501	
2882.111059	0.069868	
2882.112764	0.096588	
2882.114258	0.087842	
2882.115930	0.076918	
2882.117449	0.079069	
2882.119080	0.066380	
2882.120636	0.057384	
2882.122328	0.083838	
2882.123885	0.086054	
2882.125578	0.102687	
2882.127159	0.081776	
2882.128827	0.062879	
2882.130412	0.119074	
2882.132054	0.088382	
2882.133648	0.079879	
2882.135287	0.073578	
2882.136919	0.067487	
2882.138531	0.131078	
2882.140191	0.079613	
2882.141784	0.079113	
2882.143457	0.040961	
2882.145050	0.070597	
2882.146718	0.072611	
2882.148295	0.093003	
2882.149995	0.044240	
2882.151543	0.104294	
2882.153268	0.054919	
2882.154819	0.120979	
2882.156508	0.069050	
2882.158048	0.098332	
2882.159792	0.076475	
2882.161307	0.091162	
2882.163066	0.063600	
2882.164551	0.096640	
2882.166339	0.058653	
2882.167822	0.073308	
2882.169613	0.058706	
2882.171097	0.101204	
2882.172866	0.091299	
2882.174362	0.076620	
2882.175946	0.090026	
2882.177480	0.137254	
2882.179025	0.078054	
2882.180606	0.092391	
2882.182208	0.065219	
2882.183799	0.152062	
2882.185370	0.060720	
2882.186988	0.061993	
2882.188520	0.085699	
2882.190199	0.065429	
2882.191809	0.103013	
2882.193479	0.062875	
2882.195065	0.091536	
2882.196760	0.089567	
2882.198353	0.124347	
2882.200032	0.073969	
2882.201615	0.090747	
2882.203308	0.071020	
2882.204873	0.073590	
2882.206569	0.061884	
2882.208124	0.087524	
2882.209831	0.086739	
2882.211363	0.095017	
2882.213082	0.077292	
2882.214569	0.097120	
2882.216366	0.065369	
2882.217854	0.121745	
2882.219633	0.063729	
2882.221111	0.117100	
2882.222898	0.110252	
2882.224383	0.087428	
2882.226158	0.067564	
2882.227646	0.112282	
2882.229391	0.084700	
2882.230907	0.093889	
2882.232663	0.065405	
2882.234178	0.090550	
2882.235921	0.057296	
2882.237443	0.116669	
2882.239157	0.066134	
2882.240697	0.074787	
2882.242393	0.065687	
2882.243967	0.037364	
2882.245461	0.073969	
2882.247130	0.041477	
2882.248616	0.089462	
2882.250252	0.057429	
2882.251778	0.073091	
2882.253410	0.053606	
2882.254887	0.062021	
2882.256593	0.066625	
2882.258074	0.057824	
2882.259809	0.069828	
2882.261297	0.108347	
2882.263014	0.105507	
2882.264500	0.082569	
2882.266287	0.087842	
2882.267774	0.086960	
2882.269562	0.055886	
2882.271040	0.037263	
2882.272840	0.051104	
2882.274330	0.070311	
2882.276107	0.057247	
2882.277605	0.096967	
2882.279360	0.090489	
2882.280870	0.066686	
2882.282623	0.086469	
2882.284141	0.094070	
2882.285868	0.081691	
2882.287408	0.094336	
2882.289127	0.068934	
2882.290667	0.091073	
2882.292377	0.064547	
2882.293931	0.082581	
2882.295612	0.068426	
2882.297186	0.041142	
2882.298865	0.062674	
2882.300456	0.081522	
2882.302090	0.079282	
2882.303695	0.088894	
2882.305342	0.088165	
2882.306930	0.073151	
2882.308547	0.093808	
2882.310200	0.059995	
2882.311791	0.069224	
2882.313463	0.087412	
2882.315044	0.090924	
2882.316730	0.068511	
2882.318199	0.106530	
2882.319841	0.097623	
2882.321331	0.068825	
2882.322971	0.071061	
2882.324467	0.045259	
2882.326088	0.060140	
2882.327604	0.068430	
2882.329250	0.088165	
2882.330777	0.046822	
2882.332404	0.057421	
2882.333973	0.073820	
2882.335590	0.070734	
2882.337148	0.096725	
2882.338813	0.064531	
2882.340417	0.074332	
2882.342074	0.079218	
2882.343691	0.071024	
2882.345319	0.075878	
2882.346943	0.081494	
2882.348581	0.074662	
2882.350225	0.064909	
2882.351857	0.085599	
2882.353524	0.069663	
2882.355115	0.096370	
2882.356796	0.078166	
2882.358377	0.099625	
2882.360072	0.100761	
2882.361653	0.089011	
2882.363331	0.079556	
2882.364902	0.081679	
2882.366624	0.058746	
2882.368156	0.092149	
2882.369868	0.080213	
2882.371420	0.117394	
2882.373150	0.063826	
2882.374687	0.108383	
2882.376440	0.053167	
2882.377962	0.091778	
2882.379722	0.077309	
2882.381205	0.080422	
2882.382991	0.066202	
2882.384476	0.113253	
2882.386253	0.059656	
2882.387730	0.058428	
2882.389505	0.081659	
2882.390988	0.038214	
2882.392573	0.077208	
2882.394120	0.075653	
2882.395665	0.055717	
2882.397269	0.084144	
2882.398765	0.073542	
2882.400402	0.081014	
2882.401976	0.096467	
2882.403605	0.062452	
2882.405127	0.084987	
2882.406803	0.079939	
2882.408292	0.101273	
2882.410024	0.047418	
2882.411581	0.066335	
2882.413298	0.059568	
2882.414851	0.136460	
2882.416553	0.076797	
2882.418122	0.067806	
2882.419817	0.074021	
2882.421356	0.091428	
2882.423083	0.041545	
2882.424565	0.098502	
2882.426351	0.054875	
2882.427838	0.077945	
2882.429614	0.081188	
2882.431095	0.063979	
2882.432858	0.078150	
2882.434340	0.114796	
2882.436128	0.055588	
2882.437623	0.031615	
2882.439383	0.056748	
2882.440887	0.077953	
2882.442626	0.059560	
2882.444147	0.097297	
2882.445859	0.091069	
2882.447386	0.056671	
2882.449104	0.082296	
2882.450665	0.119102	
2882.452359	0.067310	
2882.453919	0.050427	
2882.455598	0.074436	
2882.457157	0.056301	
2882.458833	0.077574	
2882.460441	0.073087	
2882.461935	0.071951	
2882.463584	0.107356	
2882.465118	0.066077	
2882.466753	0.083274	
2882.468231	0.091190	
2882.469897	0.068019	
2882.471378	0.061634	
2882.473092	0.084958	
2882.474579	0.054553	
2882.476296	0.103219	
2882.477799	0.052502	
2882.479526	0.077727	
2882.481001	0.084543	
2882.482774	0.056635	
2882.484274	0.082851	
2882.486041	0.069586	
2882.487544	0.060949	
2882.489284	0.061445	
2882.490803	0.086062	
2882.492527	0.074412	
2882.494063	0.062766	
2882.495767	0.061517	
2882.497305	0.063809	
2882.499002	0.080370	
2882.500562	0.060426	
2882.502258	0.063068	
2882.503819	0.065671	
2882.505497	0.080531	
2882.507096	0.089925	
2882.508760	0.067576	
2882.510354	0.067077	
2882.512008	0.051052	
2882.513612	0.068402	
2882.515244	0.079637	
2882.516863	0.044744	
2882.518461	0.072378	
2882.520130	0.046270	
2882.521722	0.057791	
2882.523386	0.045811	
2882.524974	0.071355	
2882.526644	0.046069	
2882.528217	0.100411	
2882.529945	0.071786	
2882.531494	0.084201	
2882.533179	0.058778	
2882.534667	0.100701	
2882.536305	0.079621	
2882.537786	0.058222	
2882.539421	0.057368	
2882.540933	0.062525	
2882.542513	0.090360	
2882.544055	0.074952	
2882.545671	0.054705	
2882.547246	0.056881	
2882.548843	0.065860	
2882.550441	0.053550	
2882.552027	0.093305	
2882.553644	0.077578	
2882.555274	0.082835	
2882.556880	0.064539	
2882.558508	0.077816	
2882.560197	0.029065	
2882.561790	0.076982	
2882.563462	0.046810	
2882.565031	0.094518	
2882.566717	0.078847	
2882.568308	0.066404	
2882.569977	0.035889	
2882.571551	0.087649	
2882.573249	0.083971	
2882.574798	0.045336	
2882.576511	0.035635	
2882.578054	0.075927	
2882.579773	0.044429	
2882.581282	0.102236	
2882.583043	0.037601	
2882.584534	0.086336	
2882.586317	0.052059	
2882.587804	0.081232	
2882.589583	0.068370	
2882.591073	0.089345	
2882.592864	0.063302	
2882.594351	0.073260	
2882.596109	0.060438	
2882.597604	0.056115	
2882.599393	0.041348	
2882.600893	0.094916	
2882.602647	0.054278	
2882.604161	0.063230	
2882.605910	0.056414	
2882.607444	0.056905	
2882.608987	0.076950	
2882.610593	0.039652	
2882.612077	0.054782	
2882.613744	0.029742	
2882.615238	0.098429	
2882.616880	0.041505	
2882.618375	0.070130	
2882.620090	0.052405	
2882.621566	0.073945	
2882.623265	0.076748	
2882.624744	0.085595	
2882.626454	0.054138	
2882.627978	0.098546	
2882.629735	0.048591	
2882.631217	0.100201	
2882.633000	0.057126	
2882.634482	0.118752	
2882.636255	0.052031	
2882.637742	0.030499	
2882.639531	0.058859	
2882.641027	0.081454	
2882.642812	0.041452	
2882.644294	0.075508	
2882.646071	0.070517	
2882.647565	0.062464	
2882.649317	0.062537	
2882.650817	0.074098	
2882.652535	0.064583	
2882.654058	0.067689	
2882.655790	0.055149	
2882.657337	0.085937	
2882.659044	0.067274	
2882.660605	0.056176	
2882.662314	0.061062	
2882.663877	0.038419	
2882.665550	0.069510	
2882.667118	0.075596	
2882.668773	0.083351	
2882.670376	0.075552	
2882.672029	0.088568	
2882.673625	0.044095	
2882.675261	0.061803	
2882.676868	0.015055	
2882.678395	0.080769	
2882.680040	0.081981	
2882.681520	0.078871	
2882.683174	0.088487	
2882.684661	0.066086	
2882.686297	0.096511	
2882.687784	0.105241	
2882.689486	0.095359	
2882.690969	0.080902	
2882.692647	0.095549	
2882.694156	0.078884	
2882.695805	0.105293	
2882.697349	0.090719	
2882.699078	0.083504	
2882.700629	0.069272	
2882.702326	0.095440	
2882.703886	0.096302	
2882.705585	0.114542	
2882.707151	0.096185	
2882.708817	0.103464	
2882.710397	0.099549	
2882.712055	0.097398	
2882.713660	0.105962	
2882.715307	0.112343	
2882.716921	0.131888	
2882.718545	0.142966	
2882.720150	0.095734	
2882.721759	0.117455	
2882.723424	0.125088	
2882.725001	0.120685	
2882.726705	0.138474	
2882.728270	0.175910	
2882.729965	0.153641	
2882.731532	0.167027	
2882.733218	0.152195	
2882.734773	0.195064	
2882.736481	0.166367	
2882.738024	0.177384	
2882.739757	0.175390	
2882.741260	0.188152	
2882.743022	0.209006	
2882.744506	0.222336	
2882.746276	0.232741	
2882.747775	0.260246	
2882.749570	0.236310	
2882.751058	0.293049	
2882.752683	0.256512	
2882.754187	0.269149	
2882.755773	0.279518	
2882.757320	0.232580	
2882.758820	0.303974	
2882.760461	0.270902	
2882.762039	0.323117	
2882.763656	0.365571	
2882.765201	0.376870	
2882.766869	0.334940	
2882.768352	0.373612	
2882.770069	0.335794	
2882.771640	0.432497	
2882.773316	0.393395	
2882.774892	0.439410	
2882.776582	0.414386	
2882.778157	0.501176	
2882.779848	0.487774	
2882.781402	0.488169	
2882.783118	0.512677	
2882.784654	0.503335	
2882.786369	0.542858	
2882.787850	0.565037	
2882.789648	0.593570	
2882.791138	0.624233	
2882.792931	0.630675	
2882.794417	0.653773	
2882.796192	0.682809	
2882.797672	0.675325	
2882.799457	0.694221	
2882.800943	0.737639	
2882.802698	0.751230	
2882.804197	0.837239	
2882.805958	0.793367	
2882.807475	0.839705	
2882.809232	0.860249	
2882.810764	0.849638	
2882.812491	0.889764	
2882.814024	0.923812	
2882.815755	0.923078	
2882.817293	0.928456	
2882.818985	0.961767	
2882.820548	0.984099	
2882.822235	0.990069	
2882.823833	0.988249	
2882.825329	0.976482	
2882.826957	0.990952	
2882.828491	1.046857	
2882.830156	1.033966	
2882.831638	1.028572	
2882.833284	1.044633	
2882.834758	1.038699	
2882.836483	1.017643	
2882.837965	1.044488	
2882.839677	1.006678	
2882.841162	1.040669	
2882.842876	0.955088	
2882.844363	0.964965	
2882.846131	0.936130	
2882.847622	0.936666	
2882.849391	0.902933	
2882.850887	0.904520	
2882.852628	0.873647	
2882.854139	0.788331	
2882.855870	0.796134	
2882.857395	0.725840	
2882.859116	0.714037	
2882.860656	0.705892	
2882.862360	0.645471	
2882.863910	0.588680	
2882.865606	0.558971	
2882.867167	0.486964	
2882.868858	0.472148	
2882.870421	0.370695	
2882.872087	0.361470	
2882.873684	0.314432	
2882.875322	0.272883	
2882.876943	0.226493	
2882.878570	0.191954	
2882.880196	0.072571	
2882.881810	0.075250	
2882.883457	0.016013	
2882.885073	-0.032814	
2882.886745	-0.079220	
2882.888325	-0.107466	
2882.890015	-0.180258	
2882.891600	-0.216856	
2882.893263	-0.277772	
2882.894836	-0.296520	
2882.896542	-0.369871	
2882.898029	-0.412640	
2882.899666	-0.428415	
2882.901148	-0.463485	
2882.902776	-0.507068	
2882.904269	-0.564459	
2882.905862	-0.598559	
2882.907381	-0.627531	
2882.909014	-0.629529	
2882.910575	-0.630342	
2882.912193	-0.675895	
2882.913784	-0.710901	
2882.915375	-0.754294	
2882.916994	-0.759619	
2882.918639	-0.791217	
2882.920261	-0.778258	
2882.921906	-0.796930	
2882.923529	-0.849511	
2882.925156	-0.823416	
2882.926806	-0.856964	
2882.928401	-0.834514	
2882.930073	-0.858438	
2882.931657	-0.856629	
2882.933337	-0.871615	
2882.934916	-0.805196	
2882.936597	-0.868134	
2882.938160	-0.842127	
2882.939844	-0.871566	
2882.941403	-0.813760	
2882.943125	-0.856549	
2882.944660	-0.808334	
2882.946404	-0.780651	
2882.947920	-0.788406	
2882.949667	-0.780248	
2882.951154	-0.767140	
2882.952926	-0.755047	
2882.954415	-0.732017	
2882.956207	-0.720581	
2882.957693	-0.665159	
2882.959473	-0.686489	
2882.960959	-0.670972	
2882.962718	-0.621718	
2882.964211	-0.598551	
2882.965977	-0.593878	
2882.967499	-0.530102	
2882.969241	-0.540181	
2882.970752	-0.544660	
2882.972313	-0.512341	
2882.973894	-0.541558	
2882.975389	-0.453411	
2882.977033	-0.451400	
2882.978598	-0.418453	
2882.980213	-0.402609	
2882.981744	-0.353947	
2882.983439	-0.347659	
2882.984914	-0.345786	
2882.986645	-0.370383	
2882.988205	-0.309386	
2882.989901	-0.302345	
2882.991466	-0.270424	
2882.993157	-0.272172	
2882.994728	-0.207043	
2882.996458	-0.243426	
2882.997999	-0.187227	
2882.999718	-0.207804	
2883.001224	-0.184697	
2883.002986	-0.157357	
2883.004468	-0.160838	
2883.006259	-0.145510	
2883.007752	-0.124877	
2883.009544	-0.117304	
2883.011022	-0.107265	
2883.012790	-0.100900	
2883.014278	-0.074144	
2883.016046	-0.072992	
2883.017538	-0.023508	
2883.019261	-0.076493	
2883.020776	-0.049209	
2883.022522	-0.051751	
2883.024062	-0.069230	
2883.025788	-0.034610	
2883.027324	-0.006166	
2883.029039	-0.022771	
2883.030587	0.033235	
2883.032293	0.003062	
2883.033854	0.019075	
2883.035534	0.019760	
2883.037107	-0.001502	
2883.038777	0.020848	
2883.040393	-0.015951	
2883.041889	0.042415	
2883.043516	-0.003496	
2883.045056	0.024284	
2883.046677	0.038173	
2883.048172	0.038786	
2883.049825	0.021279	
2883.051305	0.067709	
2883.053011	0.046286	
2883.054496	0.094397	
2883.056204	0.059717	
2883.057681	0.050564	
2883.059377	0.039954	
2883.060878	0.094485	
2883.062634	0.052035	
2883.064138	0.074569	
2883.065888	0.082892	
2883.067408	0.072426	
2883.069138	0.067435	
2883.070674	0.064712	
2883.072394	0.075504	
2883.073938	0.044228	
2883.075651	0.062831	
2883.077214	0.077764	
2883.078897	0.063765	
2883.080477	0.064921	
2883.082147	0.075903	
2883.083731	0.064458	
2883.085398	0.073627	
2883.086977	0.095093	
2883.088628	0.087553	
2883.090236	0.080342	
2883.091858	0.095786	
2883.093488	0.057143	
2883.095102	0.123860	
2883.096780	0.081498	
2883.098364	0.090642	
2883.100012	0.077566	
2883.101585	0.079162	
2883.103281	0.054851	
2883.104825	0.105990	
2883.106534	0.072197	
2883.108081	0.104355	
2883.109783	0.073365	
2883.111330	0.078751	
2883.113037	0.082062	
2883.114528	0.078392	
2883.116167	0.064615	
2883.117672	0.086662	
2883.119286	0.104500	
2883.120798	0.060623	
2883.122361	0.082461	
2883.123910	0.095565	
2883.125517	0.088068	
2883.127099	0.102510	
2883.128689	0.099794	
2883.130294	0.110925	
2883.131850	0.096318	
2883.133493	0.081784	
2883.135086	0.105511	
2883.136740	0.066231	
2883.138322	0.099327	
2883.140016	0.077707	
2883.141611	0.088471	
2883.143275	0.079754	
2883.144852	0.126990	
2883.146557	0.055878	
2883.148102	0.119453	
2883.149817	0.085260	
2883.151370	0.113322	
2883.153093	0.081873	
2883.154629	0.083826	
2883.156337	0.099831	
2883.157846	0.088749	
2883.159618	0.079033	
2883.161097	0.085857	
2883.162880	0.072660	
2883.164361	0.072346	
2883.166138	0.066778	
2883.167622	0.107247	
2883.169398	0.060506	
2883.170887	0.069139	
2883.172647	0.081252	
2883.174153	0.083013	
2883.175916	0.067137	
2883.177433	0.076112	
2883.179166	0.097478	
2883.180696	0.078134	
2883.182422	0.071620	
2883.183957	0.084495	
2883.185662	0.091794	
2883.187252	0.054363	
2883.188758	0.081119	
2883.190430	0.050718	
2883.191933	0.060869	
2883.193569	0.098147	
2883.195097	0.089160	
2883.196733	0.052820	
2883.198219	0.106707	
2883.199935	0.075282	
2883.201406	0.093112	
2883.203147	0.070750	
2883.204636	0.084922	
2883.206342	0.062222	
2883.207835	0.095867	
2883.209617	0.076410	
2883.211110	0.117004	
2883.212881	0.083500	
2883.214381	0.132223	
2883.216168	0.082577	
2883.217653	0.105253	
2883.219463	0.072366	
2883.220944	0.083061	
2883.222715	0.053066	
2883.224208	0.139405	
2883.225955	0.077147	
2883.227468	0.063447	
2883.229220	0.086960	
2883.230738	0.152066	
2883.232444	0.057340	
2883.233968	0.111521	
2883.235672	0.085780	
2883.237226	0.109982	
2883.238920	0.088507	
2883.240483	0.089067	
2883.242170	0.080636	
2883.243756	0.059213	
2883.245434	0.075278	
2883.247024	0.078118	
2883.248686	0.063117	
2883.250284	0.101007	
2883.251928	0.079520	
2883.253546	0.051346	
2883.255172	0.090682	
2883.256803	0.052953	
2883.258430	0.087693	
2883.260068	0.060619	
2883.261553	0.063838	
2883.263197	0.097623	
2883.264690	0.054685	
2883.266336	0.122244	
2883.267834	0.071302	
2883.269480	0.058166	
2883.270980	0.118111	
2883.272666	0.061763	
2883.274164	0.089736	
2883.275825	0.117290	
2883.277343	0.075270	
2883.278987	0.095815	
2883.280530	0.096221	
2883.282217	0.077953	
2883.283779	0.070493	
2883.285452	0.068632	
2883.287048	0.094050	
2883.288713	0.079121	
2883.290294	0.063415	
2883.291953	0.075129	
2883.293552	0.093873	
2883.295194	0.096471	
2883.296812	0.093974	
2883.298412	0.095601	
2883.300089	0.096866	
2883.301680	0.075097	
2883.303346	0.058440	
2883.304943	0.073167	
2883.306604	0.087496	
2883.308179	0.094014	
2883.309879	0.075298	
2883.311429	0.100963	
2883.313137	0.077022	
2883.314682	0.098542	
2883.316397	0.058601	
2883.317925	0.053082	
2883.319651	0.053473	
2883.321147	0.097752	
2883.322931	0.078553	
2883.324415	0.105789	
2883.326192	0.056011	
2883.327676	0.104773	
2883.329458	0.095315	
2883.330946	0.067052	
2883.332733	0.071367	
2883.334235	0.077260	
2883.335816	0.088684	
2883.337358	0.046645	
2883.338902	0.111783	
2883.340485	0.058283	
2883.342084	0.087351	
2883.343671	0.104971	
2883.345247	0.059999	
2883.346854	0.073949	
2883.348387	0.086163	
2883.350077	0.067914	
2883.351664	0.066851	
2883.353346	0.075049	
2883.354921	0.091516	
2883.356623	0.045879	
2883.358203	0.099223	
2883.359872	0.059693	
2883.361422	0.061534	
2883.363102	0.066194	
2883.364656	0.079713	
2883.366372	0.070013	
2883.367888	0.092838	
2883.369625	0.064434	
2883.371109	0.088117	
2883.372894	0.052969	
2883.374376	0.070138	
2883.376177	0.078279	
2883.377669	0.083871	
2883.379452	0.069788	
2883.380932	0.056808	
2883.382709	0.055624	
2883.384194	0.102921	
2883.385937	0.065550	
2883.387445	0.102389	
2883.389176	0.074916	
2883.390700	0.104500	
2883.392434	0.068990	
2883.393964	0.062835	
2883.395665	0.079363	
2883.397204	0.087355	
2883.398904	0.061211	
2883.400464	0.073578	
2883.402147	0.066855	
2883.403761	0.033464	
2883.405249	0.088870	
2883.406892	0.019687	
2883.408424	0.089422	
2883.410052	0.052252	
2883.411529	0.051970	
2883.413178	0.103936	
2883.414657	0.087746	
2883.416359	0.073848	
2883.417849	0.091903	
2883.419598	0.071552	
2883.421086	0.082594	
2883.422808	0.071339	
2883.424292	0.071334	
2883.426064	0.067641	
2883.427544	0.052905	
2883.429298	0.077727	
2883.430800	0.105366	
2883.432563	0.064998	
2883.434078	0.089216	
2883.435805	0.068656	
2883.437329	0.048607	
2883.439051	0.061098	
2883.440588	0.023329	
2883.442289	0.073808	
2883.443847	0.071326	
2883.445538	0.081055	
2883.447114	0.088672	
2883.448794	0.074698	
2883.450378	0.056381	
2883.452045	0.075322	
2883.453634	0.070215	
2883.455303	0.071588	
2883.456908	0.102187	
2883.458558	0.075858	
2883.460171	0.098139	
2883.461784	0.088576	
2883.463437	0.050581	
2883.465054	0.076261	
2883.466716	0.086026	
2883.468322	0.100399	
2883.469995	0.049445	
2883.471570	0.060768	
2883.473250	0.044385	
2883.474820	0.058371	
2883.476518	0.049763	
2883.477993	0.092004	
2883.479647	0.070960	
2883.481136	0.082457	
2883.482775	0.081305	
2883.484276	0.053699	
2883.485871	0.057727	
2883.487411	0.022898	
2883.489064	0.063012	
2883.490603	0.056023	
2883.492238	0.069800	
2883.493792	0.075874	
2883.495393	0.081961	
2883.496973	0.068531	
2883.498622	0.058516	
2883.500226	0.067830	
2883.501873	0.083065	
2883.503490	0.062633	
2883.505112	0.074331	
2883.506781	0.043587	
2883.508393	0.077075	
2883.510041	0.069647	
2883.511636	0.067371	
2883.513307	0.062625	
2883.514896	0.098191	
2883.516585	0.064160	
2883.518139	0.075314	
2883.519849	0.057409	
2883.521420	0.073876	
2883.523093	0.081832	
2883.524641	0.097897	
2883.526363	0.049122	
2883.527870	0.089164	
2883.529638	0.090312	
2883.531128	0.095734	
2883.532914	0.059064	
2883.534393	0.069852	
2883.536189	0.074319	
2883.537674	0.080189	
2883.539451	0.055229	
2883.540939	0.082747	
2883.542731	0.069344	
2883.544213	0.092926	
2883.545973	0.085619	
2883.547475	0.091657	
2883.549217	0.090409	
2883.550741	0.046423	
2883.552297	0.081901	
2883.553857	0.024960	
2883.555330	0.042842	
2883.557012	0.090989	
2883.558505	0.083734	
2883.560143	0.042774	
2883.561666	0.101080	
2883.563351	0.066674	
2883.564836	0.091069	
2883.566559	0.065554	
2883.568046	0.076986	
2883.569797	0.049074	
2883.571341	0.084845	
2883.573057	0.069510	
2883.574598	0.112049	
2883.576330	0.055346	
2883.577833	0.075415	
2883.579596	0.052293	
2883.581106	0.070158	
2883.582880	0.058871	
2883.584363	0.084285	
2883.586139	0.033541	
2883.587622	0.063459	
2883.589417	0.049207	
2883.590904	0.069433	
2883.592683	0.070299	
2883.594166	0.061260	
2883.595911	0.055539	
2883.597426	0.069772	
2883.599163	0.064019	
2883.600676	0.087379	
2883.602392	0.073393	
2883.603926	0.085470	
2883.605643	0.067173	
2883.607192	0.065663	
2883.608895	0.075335	
2883.610459	0.059487	
2883.612150	0.061687	
2883.613723	0.082296	
2883.615393	0.070166	
2883.616974	0.089893	
2883.618627	0.072172	
2883.620240	0.057437	
2883.621755	0.069095	
2883.623429	0.085518	
2883.624912	0.090392	
2883.626562	0.050641	
2883.628038	0.029613	
2883.629671	0.069143	
2883.631152	0.073768	
2883.632846	0.080813	
2883.634334	0.066327	
2883.636050	0.051354	
2883.637556	0.087621	
2883.639243	0.064281	
2883.640756	0.053674	
2883.642519	0.060224	
2883.644033	0.056438	
2883.645764	0.055531	
2883.647294	0.074271	
2883.649008	0.053666	
2883.650551	0.082296	
2883.652273	0.072897	
2883.653835	0.072628	
2883.655529	0.054476	
2883.657092	0.104874	
2883.658757	0.071588	
2883.660338	0.051793	
2883.661989	0.054951	
2883.663573	0.086993	
2883.665201	0.075822	
2883.666826	0.057868	
2883.668460	0.087685	
2883.670092	0.062968	
2883.671708	0.078243	
2883.673374	0.007663	
2883.674973	0.073022	
2883.676635	0.059673	
2883.678205	0.067576	
2883.679896	0.066633	
2883.681457	0.070883	
2883.683151	0.056812	
2883.684721	0.120210	
2883.686418	0.034765	
2883.687975	0.040836	
2883.689677	0.074154	
2883.691193	0.076507	
2883.692939	0.050254	
2883.694418	0.092588	
2883.696064	0.070323	
2883.697549	0.062098	
2883.699141	0.070420	
2883.700703	0.056538	
2883.702245	0.051733	
2883.703828	0.080314	
2883.705410	0.076873	
2883.707017	0.052961	
2883.708589	0.090380	
2883.710199	0.092902	
2883.711763	0.063483	
2883.713416	0.086421	
2883.715028	0.086562	
2883.716664	0.041215	
2883.718250	0.138414	
2883.719931	0.023059	
2883.721507	0.120939	
2883.723200	0.041315	
2883.724749	0.119827	
2883.726438	0.056849	
2883.728004	0.069965	
2883.729710	0.062742	
2883.731271	0.091967	
2883.732997	0.075556	
2883.734507	0.094409	
2883.736248	0.080982	
2883.737735	0.114925	
2883.739515	0.082493	
2883.740998	0.089188	
2883.742773	0.088410	
2883.744257	0.082034	
2883.746056	0.089148	
2883.747542	0.110224	
2883.749323	0.090819	
2883.750815	0.152989	
2883.752566	0.100379	
2883.754074	0.104419	
2883.755822	0.101370	
2883.757343	0.126277	
2883.759079	0.115485	
2883.760616	0.136154	
2883.762348	0.138144	
2883.763880	0.117801	
2883.765585	0.139856	
2883.767165	0.139651	
2883.768663	0.153863	
2883.770339	0.151788	
2883.771835	0.126877	
2883.773469	0.139856	
2883.774999	0.182391	
2883.776637	0.146874	
2883.778115	0.180220	
2883.779844	0.207766	
2883.781323	0.185767	
2883.783030	0.173750	
2883.784514	0.207343	
2883.786229	0.202376	
2883.787723	0.242941	
2883.789523	0.215315	
2883.791001	0.261358	
2883.792783	0.251360	
2883.794265	0.266462	
2883.796036	0.260617	
2883.797518	0.287712	
2883.799287	0.288715	
2883.800792	0.313098	
2883.802560	0.305340	
2883.804065	0.341627	
2883.805815	0.327612	
2883.807336	0.412199	
2883.809042	0.362872	
2883.810577	0.360447	
2883.812297	0.408336	
2883.813845	0.387864	
2883.815559	0.435623	
2883.817117	0.464990	
2883.818802	0.476277	
2883.820371	0.492604	
2883.822045	0.519364	
2883.823623	0.506349	
2883.825285	0.542402	
2883.826896	0.540303	
2883.828536	0.579177	
2883.830159	0.611758	
2883.831803	0.639344	
2883.833413	0.614944	
2883.835027	0.703023	
2883.836675	0.668380	
2883.838274	0.749176	
2883.839955	0.742686	
2883.841436	0.745168	
2883.843086	0.808646	
2883.844570	0.840055	
2883.846218	0.865578	
2883.847694	0.865047	
2883.849339	0.900105	
2883.850830	0.906470	
2883.852500	0.954423	
2883.854019	0.969110	
2883.855666	0.963269	
2883.857213	0.994569	
2883.858823	1.012600	
2883.860404	1.022981	
2883.862084	1.050293	
2883.863659	1.070446	
2883.865311	1.076618	
2883.866892	1.085940	
2883.868531	1.100300	
2883.870140	1.095535	
2883.871761	1.121864	
2883.873404	1.100115	
2883.875016	1.128084	
2883.876659	1.096103	
2883.878272	1.101662	
2883.879926	1.066563	
2883.881522	1.103575	
2883.883212	1.073295	
2883.884776	1.046192	
2883.886467	1.031932	
2883.888021	1.012016	
2883.889726	0.963644	
2883.891286	0.933685	
2883.892973	0.880910	
2883.894509	0.912863	
2883.896267	0.830210	
2883.897752	0.828167	
2883.899538	0.788960	
2883.901016	0.707479	
2883.902811	0.680364	
2883.904301	0.667026	
2883.906088	0.597127	
2883.907581	0.577215	
2883.909376	0.497551	
2883.910858	0.454782	
2883.912470	0.403913	
2883.913995	0.379799	
2883.915540	0.304014	
2883.917134	0.258244	
2883.918636	0.209764	
2883.920277	0.150636	
2883.921842	0.114192	
2883.923457	0.071375	
2883.924983	0.025996	
2883.926668	-0.046478	
2883.928146	-0.031086	
2883.929889	-0.149039	
2883.931474	-0.166622	
2883.933160	-0.246448	
2883.934719	-0.250508	
2883.936398	-0.330978	
2883.937961	-0.370359	
2883.939670	-0.415021	
2883.941190	-0.417434	
2883.942934	-0.493770	
2883.944429	-0.531411	
2883.946207	-0.572685	
2883.947693	-0.586692	
2883.949473	-0.645352	
2883.950965	-0.665574	
2883.952755	-0.712822	
2883.954237	-0.756203	
2883.956026	-0.776599	
2883.957506	-0.729838	
2883.959280	-0.822401	
2883.960777	-0.805570	
2883.962542	-0.819214	
2883.964059	-0.855030	
2883.965811	-0.879426	
2883.967329	-0.861149	
2883.969051	-0.892030	
2883.970587	-0.888610	
2883.972300	-0.915044	
2883.973840	-0.923370	
2883.975523	-0.908240	
2883.977080	-0.938561	
2883.978757	-0.897404	
2883.980333	-0.906818	
2883.982002	-0.896051	
2883.983605	-0.896333	
2883.985096	-0.909545	
2883.986727	-0.930408	
2883.988253	-0.859373	
2883.989900	-0.866845	
2883.991385	-0.855405	
2883.993026	-0.827650	
2883.994509	-0.799786	
2883.996217	-0.771624	
2883.997702	-0.777557	
2883.999402	-0.750229	
2884.000880	-0.720355	
2884.002568	-0.706953	
2884.004067	-0.715674	
2884.005826	-0.677458	
2884.007349	-0.672535	
2884.009063	-0.626935	
2884.010592	-0.622564	
2884.012304	-0.563174	
2884.013853	-0.577459	
2884.015580	-0.535790	
2884.017137	-0.471824	
2884.018823	-0.487772	
2884.020382	-0.472714	
2884.022054	-0.440593	
2884.023642	-0.438530	
2884.025309	-0.401534	
2884.026889	-0.362153	
2884.028526	-0.337488	
2884.030128	-0.340158	
2884.031761	-0.307581	
2884.033402	-0.305539	
2884.035006	-0.255028	
2884.036656	-0.287480	
2884.038258	-0.242234	
2884.039923	-0.228630	
2884.041523	-0.187880	
2884.043190	-0.242754	
2884.044776	-0.184472	
2884.046486	-0.196992	
2884.048045	-0.096417	
2884.049735	-0.171029	
2884.051292	-0.104554	
2884.052987	-0.130335	
2884.054510	-0.102476	
2884.056243	-0.110282	
2884.057739	-0.074914	
2884.059372	-0.076702	
2884.060876	-0.007528	
2884.062474	-0.059368	
2884.063995	-0.050852	
2884.065575	-0.065906	
2884.067125	-0.051860	
2884.068727	0.000750	
2884.070297	-0.033120	
2884.071869	-0.041785	
2884.073477	-0.026598	
2884.075021	0.014048	
2884.076685	0.015329	
2884.078279	0.019675	
2884.079965	0.020646	
2884.081554	0.039902	
2884.083237	0.034733	
2884.084826	0.033049	
2884.086501	0.042822	
2884.088072	0.044736	
2884.089788	-0.004797	
2884.091333	0.050383	
2884.093048	0.054939	
2884.094593	0.036747	
2884.096328	0.045267	
2884.097860	0.051120	
2884.099593	0.053421	
2884.101106	0.075371	
2884.102881	0.057401	
2884.104356	0.078485	
2884.106138	0.036405	
2884.107624	0.108729	
2884.109396	0.038258	
2884.110881	0.057900	
2884.112673	0.077421	
2884.114155	0.057860	
2884.115922	0.045553	
2884.117414	0.102179	
2884.119201	0.053006	
2884.120702	0.090195	
2884.122433	0.080112	
2884.123958	0.098820	
2884.125678	0.069900	
2884.127201	0.076648	
2884.128728	0.099674	
2884.130342	0.069232	
2884.131830	0.093482	
2884.133463	0.044663	
2884.134990	0.109612	
2884.136642	0.053602	
2884.138115	0.061896	
2884.139832	0.054335	
2884.141323	0.076688	
2884.143051	0.053429	
2884.144535	0.059153	
2884.146271	0.068394	
2884.147761	0.112858	
2884.149520	0.058424	
2884.151003	0.083049	
2884.152790	0.073143	
2884.154275	0.123852	
2884.156070	0.075153	
2884.157560	0.071894	
2884.159357	0.070497	
2884.160832	0.074791	
2884.162603	0.087540	
2884.164097	0.095871	
2884.165827	0.064216	
2884.167339	0.099077	
2884.169078	0.066432	
2884.170608	0.116125	
2884.172356	0.078626	
2884.173880	0.079987	
2884.175604	0.097877	
2884.177149	0.070726	
2884.178836	0.090247	
2884.180387	0.072281	
2884.182048	0.082831	
2884.183618	0.108113	
2884.185266	0.092519	
2884.186867	0.072934	
2884.188523	0.097527	
2884.190125	0.083069	
2884.191765	0.094719	
2884.193378	0.045138	
2884.194989	0.077824	
2884.196671	0.033388	
2884.198266	0.110349	
2884.199945	0.074839	
2884.201420	0.065590	
2884.203069	0.117229	
2884.204547	0.066372	
2884.206198	0.089051	
2884.207686	0.100592	
2884.209317	0.097164	
2884.210819	0.073598	
2884.212492	0.108572	
2884.214008	0.105217	
2884.215670	0.083057	
2884.217203	0.097942	
2884.218836	0.111988	
2884.220396	0.070625	
2884.222064	0.080281	
2884.223642	0.071556	
2884.225293	0.079254	
2884.226883	0.085192	
2884.228522	0.079298	
2884.230137	0.091549	
2884.231797	0.108677	
2884.233412	0.076390	
2884.235051	0.101382	
2884.236668	0.063596	
2884.238275	0.094836	
2884.239949	0.065860	
2884.241528	0.098413	
2884.243204	0.060998	
2884.244770	0.115606	
2884.246444	0.068982	
2884.248006	0.092842	
2884.249688	0.083423	
2884.251249	0.081973	
2884.252963	0.097414	
2884.254488	0.069332	
2884.256241	0.073002	
2884.257733	0.090159	
2884.259516	0.075053	
2884.261010	0.096395	
2884.262790	0.076459	
2884.264292	0.104206	
2884.266094	0.073832	
2884.267577	0.114695	
2884.269353	0.074883	
2884.270829	0.061445	
2884.272592	0.068543	
2884.274093	0.082239	
2884.275674	0.080729	
2884.277219	0.066517	
2884.278756	0.081599	
2884.280376	0.061529	
2884.281870	0.081240	
2884.283507	0.070235	
2884.285064	0.103400	
2884.286705	0.031152	
2884.288201	0.096548	
2884.289910	0.055531	
2884.291394	0.071556	
2884.293121	0.078549	
2884.294697	0.056410	
2884.296399	0.086167	
2884.297941	0.076604	
2884.299669	0.055386	
2884.301218	0.065248	
2884.302916	0.061304	
2884.304426	0.074863	
2884.306192	0.076342	
2884.307691	0.084519	
2884.309486	0.063141	
2884.310970	0.067218	
2884.312755	0.061957	
2884.314243	0.093245	
2884.316006	0.058335	
2884.317490	0.087714	
2884.319260	0.081587	
2884.320760	0.082735	
2884.322530	0.080531	
2884.324030	0.100363	
2884.325769	0.060772	
2884.327278	0.032473	
2884.329023	0.069300	
2884.330549	0.058947	
2884.332239	0.078984	
2884.333784	0.093961	
2884.335490	0.074315	
2884.337065	0.054730	
2884.338768	0.085869	
2884.340324	0.051712	
2884.342008	0.069433	
2884.343599	0.087383	
2884.345263	0.081478	
2884.346890	0.063129	
2884.348388	0.094590	
2884.350056	0.084169	
2884.351554	0.078493	
2884.353191	0.036667	
2884.354667	0.102038	
2884.356381	0.067721	
2884.357863	0.078912	
2884.359595	0.057767	
2884.361096	0.077409	
2884.362806	0.066750	
2884.364301	0.081176	
2884.366001	0.077413	
2884.367481	0.081869	
2884.369256	0.081788	
2884.370750	0.080116	
2884.372495	0.055821	
2884.373996	0.085889	
2884.375733	0.076684	
2884.377259	0.089003	
2884.379007	0.075540	
2884.380538	0.051068	
2884.382250	0.062887	
2884.383800	0.094235	
2884.385499	0.070396	
2884.387047	0.055749	
2884.388748	0.075069	
2884.390321	0.090143	
2884.392002	0.083013	
2884.393583	0.051902	
2884.395264	0.072551	
2884.396846	0.112049	
2884.398497	0.079121	
2884.400101	0.065272	
2884.401724	0.086416	
2884.403349	0.057050	
2884.404958	0.121374	
2884.406622	0.036699	
2884.408228	0.106860	
2884.409880	0.043994	
2884.411461	0.071032	
2884.413166	0.059572	
2884.414733	0.132871	
2884.416431	0.067536	
2884.417908	0.087661	
2884.419550	0.076023	
2884.421035	0.062275	
2884.422676	0.065683	
2884.424168	0.045424	
2884.425774	0.099875	
2884.427311	0.046512	
2884.428974	0.078590	
2884.430513	0.094606	
2884.432136	0.112500	
2884.433710	0.051245	
2884.435305	0.084849	
2884.436881	0.076998	
2884.438542	0.066944	
2884.440143	0.072656	
2884.441781	0.074956	
2884.443406	0.070529	
2884.445029	0.091263	
2884.446663	0.060869	
2884.448273	0.084729	
2884.449960	0.079862	
2884.451561	0.088906	
2884.453207	0.068285	
2884.454806	0.087246	
2884.456511	0.068905	
2884.458079	0.098860	
2884.459774	0.064333	
2884.461334	0.065578	
2884.463053	0.043640	
2884.464605	0.096520	
2884.466314	0.073760	
2884.467880	0.092523	
2884.469599	0.076201	
2884.471105	0.077542	
2884.472846	0.072196	
2884.474328	0.075999	
2884.476101	0.030161	
2884.477586	0.091794	
2884.479356	0.075596	
2884.480844	0.105889	
2884.482614	0.058774	
2884.484105	0.106038	
2884.485880	0.049163	
2884.487378	0.093079	
2884.489133	0.076048	
2884.490642	0.084338	
2884.492204	0.087436	
2884.493771	0.071242	
2884.495267	0.099243	
2884.496928	0.040913	
2884.498420	0.095456	
2884.500066	0.086066	
2884.501591	0.060301	
2884.503282	0.056635	
2884.504765	0.072930	
2884.506472	0.042524	
2884.507947	0.086046	
2884.509674	0.065735	
2884.511240	0.130933	
2884.512966	0.072946	
2884.514507	0.089671	
2884.516251	0.078029	
2884.517770	0.094658	
2884.519514	0.063685	
2884.520993	0.072434	
2884.522769	0.068543	
2884.524262	0.079218	
2884.526061	0.077071	
2884.527541	0.054222	
2884.529312	0.081260	
2884.530792	0.075653	
2884.532549	0.046423	
2884.534042	0.090461	
2884.535758	0.062674	
2884.537274	0.098953	
2884.539019	0.055197	
2884.540552	0.060245	
2884.542291	0.066928	
2884.543822	0.068084	
2884.545522	0.074356	
2884.547069	0.070799	
2884.548759	0.060534	
2884.550330	0.087254	
2884.552008	0.078211	
2884.553597	0.059040	
2884.555284	0.063354	
2884.556857	0.049714	
2884.558503	0.063262	
2884.560098	0.097664	
2884.561750	0.067185	
2884.563377	0.038492	
2884.564901	0.068668	
2884.566560	0.051866	
2884.568049	0.071274	
2884.569698	0.036312	
2884.571185	0.077848	
2884.572887	0.035668	
2884.574366	0.043716	
2884.576081	0.048313	
2884.577567	0.054681	
2884.579294	0.056599	
2884.580784	0.069022	
2884.582572	0.058738	
2884.584061	0.104343	
2884.585812	0.057952	
2884.587320	0.061582	
2884.589054	0.077655	
2884.590578	0.035100	
2884.592296	0.060386	
2884.593837	0.096113	
2884.595574	0.063310	
2884.597110	0.105781	
2884.598813	0.066601	
2884.600370	0.105829	
2884.602070	0.075911	
2884.603644	0.045577	
2884.605318	0.074203	
2884.606899	0.045158	
2884.608538	0.057743	
2884.610143	0.036614	
2884.611790	0.064857	
2884.613398	0.094058	
2884.615018	0.084551	
2884.616663	0.047281	
2884.618257	0.075608	
2884.619936	0.049231	
2884.621533	0.078573	
2884.623224	0.078884	
2884.624824	0.074235	
2884.626497	0.041348	
2884.628091	0.092499	
2884.629778	0.063290	
2884.631341	0.051990	
2884.633058	0.040055	
2884.634532	0.091553	
2884.636169	0.062114	
2884.637646	0.051954	
2884.639283	0.073192	
2884.640763	0.096004	
2884.642355	0.082199	
2884.643891	0.036606	
2884.645542	0.077389	
2884.647097	0.079230	
2884.648707	0.057344	
2884.650288	0.091162	
2884.651867	0.094658	
2884.653466	0.068986	
2884.655109	0.106441	
2884.656716	0.037154	
2884.658341	0.086215	
2884.659976	0.050319	
2884.661569	0.076886	
2884.663242	0.051922	
2884.664828	0.073562	
2884.666524	0.049880	
2884.668120	0.063185	
2884.669779	0.041972	
2884.671358	0.076237	
2884.673063	0.053110	
2884.674630	0.104133	
2884.676336	0.043140	
2884.677888	0.068849	
2884.679602	0.051354	
2884.681143	0.059181	
2884.682862	0.041811	
2884.684356	0.082110	
2884.686108	0.046020	
2884.687605	0.101724	
2884.689386	0.055757	
2884.690870	0.104902	
2884.692663	0.053892	
2884.694146	0.073095	
2884.695908	0.056873	
2884.697402	0.111211	
2884.699166	0.069397	
2884.700684	0.058122	
2884.702446	0.061248	
2884.703953	0.070650	
2884.705688	0.044288	
2884.707210	0.057163	
2884.708760	0.015288	
2884.710379	0.051261	
2884.711865	0.061119	
2884.713540	0.074815	
2884.715028	0.053674	
2884.716675	0.039180	
2884.718179	0.077171	
2884.719879	0.055612	
2884.721357	0.054907	
2884.723065	0.085019	
2884.724544	0.067479	
2884.726253	0.036626	
2884.727802	0.076237	
2884.729547	0.043994	
2884.731047	0.069111	
2884.732820	0.040953	
2884.734307	0.059403	
2884.736084	0.034548	
2884.737569	0.073578	
2884.739344	0.047769	
2884.740832	0.070678	
2884.742612	0.040542	
2884.744098	0.072221	
2884.745878	0.080213	
2884.747370	0.024533	
2884.749135	0.039483	
2884.750642	0.028501	
2884.752386	0.074952	
2884.753905	0.044470	
2884.755626	0.048369	
2884.757155	0.073977	
2884.758882	0.052961	
2884.760424	0.074936	
2884.762122	0.071745	
2884.763679	0.047221	
2884.765365	0.077844	
2884.766929	0.064003	
2884.768584	0.060905	
2884.770168	0.072124	
2884.771803	0.077550	
2884.773418	0.054710	
2884.775045	0.088048	
2884.776645	0.059568	
2884.778291	0.082114	
2884.779952	0.059487	
2884.781438	0.102377	
2884.783083	0.074521	
2884.784561	0.075000	
2884.786209	0.102014	
2884.787695	0.080986	
2884.789386	0.086594	
2884.790866	0.099932	
2884.792582	0.089667	
2884.794067	0.127425	
2884.795762	0.116504	
2884.797291	0.122200	
2884.798930	0.092431	
2884.800470	0.116359	
2884.802171	0.109757	
2884.803721	0.136138	
2884.805424	0.117153	
2884.806987	0.122236	
2884.808659	0.119086	
2884.810237	0.101132	
2884.811909	0.130619	
2884.813503	0.142245	
2884.815153	0.137411	
2884.816737	0.105168	
2884.818367	0.176965	
2884.819972	0.134994	
2884.821604	0.162342	
2884.823272	0.148489	
2884.824870	0.162338	
2884.826545	0.158894	
2884.828122	0.194134	
2884.829821	0.193977	
2884.831402	0.212535	
2884.833082	0.168719	
2884.834655	0.222860	
2884.836380	0.187974	
2884.837932	0.239255	
2884.839651	0.220125	
2884.841198	0.230606	
2884.842916	0.266321	
2884.844437	0.241479	
2884.846167	0.266482	
2884.847654	0.289291	
2884.849451	0.279143	
2884.850936	0.302624	
2884.852499	0.290817	
2884.854029	0.321791	
2884.855607	0.314367	
2884.857142	0.336479	
2884.858688	0.345184	
2884.860272	0.388827	
2884.861864	0.422628	
2884.863477	0.401935	
2884.865035	0.436179	
2884.866671	0.453614	
2884.868173	0.458686	
2884.869898	0.491122	
2884.871474	0.528952	
2884.873167	0.503795	
2884.874753	0.559922	
2884.876422	0.552948	
2884.878009	0.628838	
2884.879717	0.610735	
2884.881263	0.642945	
2884.882965	0.648734	
2884.884510	0.711592	
2884.886222	0.715060	
2884.887745	0.756523	
2884.889479	0.766055	
2884.890972	0.821573	
2884.892753	0.801528	
2884.894231	0.871230	
2884.896017	0.869039	
2884.897494	0.904274	
2884.899295	0.920396	
2884.900778	0.938882	
2884.902557	0.973513	
2884.904047	0.996269	
2884.905811	1.010840	
2884.907327	1.022900	
2884.909093	1.064597	
2884.910603	1.084888	
2884.912348	1.102190	
2884.913864	1.094157	
2884.915600	1.123286	
2884.917131	1.121079	
2884.918831	1.139923	
2884.920397	1.159436	
2884.922120	1.161926	
2884.923696	1.131838	
2884.925197	1.164750	
2884.926863	1.120160	
2884.928355	1.168943	
2884.929973	1.084300	
2884.931495	1.137075	
2884.933148	1.116398	
2884.934623	1.115531	
2884.936361	1.064376	
2884.937835	1.090536	
2884.939551	1.040790	
2884.941034	1.033068	
2884.942743	0.990174	
2884.944222	0.957686	
2884.946006	0.914973	
2884.947494	0.929854	
2884.949245	0.850863	
2884.950727	0.790760	
2884.952481	0.771324	
2884.953984	0.708554	
2884.955718	0.677150	
2884.957242	0.681593	
2884.958963	0.595947	
2884.960484	0.573271	
2884.962216	0.506719	
2884.963765	0.464889	
2884.965472	0.412449	
2884.967024	0.364737	
2884.968712	0.320317	
2884.970286	0.231065	
2884.971975	0.214533	
2884.973542	0.178516	
2884.975189	0.103037	
2884.976786	0.055447	
2884.978426	0.007848	
2884.980027	-0.069810	
2884.981662	-0.101053	
2884.983281	-0.185697	
2884.984884	-0.183811	
2884.986564	-0.258549	
2884.988156	-0.289353	
2884.989832	-0.379958	
2884.991409	-0.371620	
2884.993078	-0.438163	
2884.994650	-0.451252	
2884.996324	-0.505432	
2884.997818	-0.556584	
2884.999440	-0.592154	
2885.000938	-0.610938	
2885.002586	-0.666392	
2885.004072	-0.693341	
2885.005680	-0.719650	
2885.007193	-0.773207	
2885.008830	-0.775253	
2885.010368	-0.784236	
2885.011993	-0.828508	
2885.013582	-0.857326	
2885.015161	-0.890649	
2885.016779	-0.871554	
2885.018423	-0.909159	
2885.020042	-0.912337	
2885.021664	-0.923391	
2885.023291	-0.994708	
2885.024905	-0.934307	
2885.026567	-0.982071	
2885.028177	-0.984799	
2885.029845	-0.973132	
2885.031421	-0.970421	
2885.033104	-0.987252	
2885.034671	-0.948878	
2885.036374	-0.932648	
2885.037937	-0.963340	
2885.039607	-0.926259	
2885.041179	-0.922855	
2885.042901	-0.920092	
2885.044433	-0.887454	
2885.046160	-0.879808	
2885.047642	-0.843175	
2885.049436	-0.853415	
2885.050930	-0.814662	
2885.052695	-0.797820	
2885.054175	-0.768663	
2885.055960	-0.748102	
2885.057451	-0.712774	
2885.059253	-0.700568	
2885.060736	-0.664809	
2885.062493	-0.637481	
2885.063991	-0.631805	
2885.065752	-0.597278	
2885.067263	-0.564576	
2885.069014	-0.531475	
2885.070543	-0.548245	
2885.072085	-0.523648	
2885.073683	-0.482584	
2885.075183	-0.473504	
2885.076832	-0.426800	
2885.078401	-0.389485	
2885.080019	-0.376135	
2885.081543	-0.370826	
2885.083226	-0.348130	
2885.084703	-0.317225	
2885.086430	-0.311505	
2885.087903	-0.286324	
2885.089615	-0.279963	
2885.091157	-0.271165	
2885.092870	-0.261679	
2885.094392	-0.183433	
2885.096128	-0.228014	
2885.097617	-0.193914	
2885.099390	-0.179368	
2885.100870	-0.142968	
2885.102677	-0.165402	
2885.104166	-0.140555	
2885.105948	-0.133240	
2885.107424	-0.117364	
2885.109175	-0.121002	
2885.110674	-0.109235	
2885.112460	-0.071860	
2885.113961	-0.093617	
2885.115712	-0.074628	
2885.117224	-0.059022	
2885.118963	-0.060714	
2885.120493	-0.022590	
2885.122208	-0.041986	
2885.123742	-0.047283	
2885.125441	-0.020560	
2885.127011	-0.009075	
2885.128704	-0.012910	
2885.130280	-0.001973	
2885.131953	-0.003616	
2885.133520	-0.007524	
2885.135186	0.002132	
2885.136782	0.001681	
2885.138407	0.021069	
2885.140046	-0.036314	
2885.141589	0.022938	
2885.143241	0.060212	
2885.144722	0.074787	
2885.146359	0.007337	
2885.147841	0.035607	
2885.149490	0.026769	
2885.150990	0.041428	
2885.152717	0.016046	
2885.154208	0.043217	
2885.155904	0.051616	
2885.157385	0.019216	
2885.159080	0.034214	
2885.160587	0.075113	
2885.162312	0.049501	
2885.163836	0.037400	
2885.165566	0.050069	
2885.167110	0.060587	
2885.168831	0.078839	
2885.170382	0.038830	
2885.172079	0.078444	
2885.173633	0.064946	
2885.175330	0.064825	
2885.176906	0.059096	
2885.178566	0.064293	
2885.180152	0.065771	
2885.181803	0.094324	
2885.183413	0.073743	
2885.185062	0.074138	
2885.186668	0.070779	
2885.188301	0.110635	
2885.189931	0.053384	
2885.191533	0.088217	
2885.193215	0.066931	
2885.194787	0.089164	
2885.196456	0.114313	
2885.198025	0.051962	
2885.199731	0.058424	
2885.201306	0.093990	
2885.202989	0.080330	
2885.204553	0.086159	
2885.206254	0.059717	
2885.207801	0.098872	
2885.209511	0.062496	
2885.211023	0.103174	
2885.212790	0.071024	
2885.214275	0.063608	
2885.215901	0.068958	
2885.217401	0.054581	
2885.218983	0.087931	
2885.220531	0.084394	
2885.222077	0.091412	
2885.223656	0.070207	
2885.225267	0.088269	
2885.226847	0.105881	
2885.228427	0.068507	
2885.230048	0.056631	
2885.231595	0.099194	
2885.233246	0.095432	
2885.234864	0.100423	
2885.236543	0.072245	
2885.238135	0.089873	
2885.239807	0.061896	
2885.241391	0.099138	
2885.243067	0.061151	
2885.244652	0.090094	
2885.246354	0.063935	
2885.247921	0.093958	
2885.249645	0.062553	
2885.251193	0.110268	
2885.252909	0.072773	
2885.254457	0.071548	
2885.256162	0.081925	
2885.257668	0.105567	
2885.259422	0.053292	
2885.260902	0.115316	
2885.262684	0.087138	
2885.264164	0.098586	
2885.265940	0.084821	
2885.267423	0.084854	
2885.269189	0.078590	
2885.270677	0.092044	
2885.272417	0.065808	
2885.273929	0.044131	
2885.275685	0.089607	
2885.277201	0.062061	
2885.278942	0.084459	
2885.280468	0.094115	
2885.282177	0.076370	
2885.283722	0.102578	
2885.285423	0.085724	
2885.287012	0.041050	
2885.288504	0.071161	
2885.290160	0.092503	
2885.291650	0.079033	
2885.293274	0.062545	
2885.294804	0.066110	
2885.296425	0.078118	
2885.297906	0.098634	
2885.299634	0.066376	
2885.301121	0.084543	
2885.302820	0.057574	
2885.304323	0.102614	
2885.306028	0.062154	
2885.307509	0.114502	
2885.309285	0.049678	
2885.310767	0.104943	
2885.312549	0.068647	
2885.314030	0.064410	
2885.315795	0.057977	
2885.317300	0.084660	
2885.319075	0.089881	
2885.320581	0.037291	
2885.322312	0.075963	
2885.323832	0.071923	
2885.325562	0.068664	
2885.327092	0.102199	
2885.328792	0.084128	
2885.330335	0.101857	
2885.332015	0.081595	
2885.333593	0.087367	
2885.335287	0.083315	
2885.336856	0.084435	
2885.338526	0.080253	
2885.340128	0.084527	
2885.341792	0.071895	
2885.343403	0.089333	
2885.345034	0.074605	
2885.346651	0.059266	
2885.348285	0.071649	
2885.349904	0.090932	
2885.351519	0.091106	
2885.353180	0.071616	
2885.354776	0.104290	
2885.356451	0.056728	
2885.357928	0.030121	
2885.359584	0.106199	
2885.361066	0.056450	
2885.362710	0.109112	
2885.364191	0.054778	
2885.365823	0.070791	
2885.367313	0.098642	
2885.368968	0.088241	
2885.370493	0.072422	
2885.372122	0.082968	
2885.373672	0.064990	
2885.375266	0.045275	
2885.376853	0.060885	
2885.378525	0.078215	
2885.380111	0.087657	
2885.381767	0.081651	
2885.383356	0.093075	
2885.384996	0.106473	
2885.386608	0.045146	
2885.388223	0.109023	
2885.389894	0.088580	
2885.391482	0.090824	
2885.393161	0.065022	
2885.394755	0.098848	
2885.396418	0.055402	
2885.397997	0.110300	
2885.399693	0.073792	
2885.401259	0.100737	
2885.402976	0.080241	
2885.404519	0.075919	
2885.406225	0.053449	
2885.407778	0.098034	
2885.409500	0.055753	
2885.411016	0.114965	
2885.412781	0.061993	
2885.414272	0.109313	
2885.416058	0.083754	
2885.417540	0.077788	
2885.419294	0.071411	
2885.420779	0.106876	
2885.422519	0.069538	
2885.424003	0.064374	
2885.425764	0.074662	
2885.427268	0.082727	
2885.429020	0.078098	
2885.430543	0.074199	
2885.432106	0.077893	
2885.433666	0.081583	
2885.435147	0.096798	
2885.436829	0.027240	
2885.438320	0.068088	
2885.439938	0.079532	
2885.441451	0.104709	
2885.443159	0.075484	
2885.444634	0.090284	
2885.446367	0.057844	
2885.447848	0.081518	
2885.449552	0.078557	
2885.451107	0.080414	
2885.452798	0.074617	
2885.454302	0.072740	
2885.456075	0.080455	
2885.457554	0.065727	
2885.459347	0.052168	
2885.460832	0.109704	
2885.462624	0.060796	
2885.464109	0.092995	
2885.465877	0.057884	
2885.467361	0.094981	
2885.469136	0.054714	
2885.470630	0.020888	
2885.472405	0.067081	
2885.473905	0.075794	
2885.475637	0.057759	
2885.477156	0.052865	
2885.478879	0.061207	
2885.480415	0.111698	
2885.482126	0.086376	
2885.483676	0.100218	
2885.485372	0.084914	
2885.486919	0.053598	
2885.488594	0.095903	
2885.490171	0.099448	
2885.491834	0.067874	
2885.493421	0.074819	
2885.495061	0.075677	
2885.496688	0.100177	
2885.498311	0.078718	
2885.499947	0.055628	
2885.501573	0.090533	
2885.503225	0.056619	
2885.504720	0.122373	
2885.506373	0.106236	
2885.507867	0.076152	
2885.509509	0.085305	
2885.510993	0.065683	
2885.512640	0.140807	
2885.514128	0.093744	
2885.515804	0.075415	
2885.517294	0.076926	
2885.518976	0.076237	
2885.520493	0.083427	
2885.522137	0.087359	
2885.523701	0.061485	
2885.525416	0.079729	
2885.526977	0.072511	
2885.528672	0.087021	
2885.530232	0.095915	
2885.531918	0.066984	
2885.533487	0.074400	
2885.535153	0.080406	
2885.536743	0.042608	
2885.538383	0.073357	
2885.539986	0.078275	
2885.541598	0.097398	
2885.543221	0.053517	
2885.544828	0.086042	
2885.546466	0.068720	
2885.548077	0.069425	
2885.549760	0.052732	
2885.551317	0.074738	
2885.553019	0.055161	
2885.554597	0.086541	
2885.556302	0.061973	
2885.557864	0.088680	
2885.559540	0.043116	
2885.561079	0.100028	
2885.562810	0.061666	
2885.564324	0.089172	
2885.566089	0.061683	
2885.567572	0.088092	
2885.569347	0.056957	
2885.570833	0.078815	
2885.572605	0.046186	
2885.574092	0.060865	
2885.575877	0.055189	
2885.577387	0.076620	
2885.578988	0.069510	
2885.580504	0.054863	
2885.582082	0.106022	
2885.583665	0.050290	
2885.585163	0.067069	
2885.586807	0.044804	
2885.588372	0.084560	
2885.589992	0.066247	
2885.591525	0.050287	
2885.593221	0.046991	
2885.594821	0.076958	
2885.596480	0.062895	
2885.598056	0.066750	
2885.599741	0.062956	
2885.601332	0.091327	
2885.603022	0.051269	
2885.604584	0.063854	
2885.606284	0.056450	
2885.607832	0.081192	
2885.609558	0.054198	
2885.611096	0.081780	
2885.612821	0.052941	
2885.614356	0.083766	
2885.616091	0.050730	
2885.617582	0.101740	
2885.619368	0.061098	
2885.620849	0.084555	
2885.622638	0.073486	
2885.624116	0.068776	
2885.625888	0.050548	
2885.627372	0.072096	
2885.629147	0.052071	
2885.630643	0.113185	
2885.632399	0.083701	
2885.633894	0.065590	
2885.635640	0.054569	
2885.637163	0.059455	
2885.638890	0.059169	
2885.640425	0.067056	
2885.642156	0.076797	
2885.643706	0.057195	
2885.645408	0.080318	
2885.646990	0.034814	
2885.648500	0.048212	
2885.650158	0.055471	
2885.651652	0.070271	
2885.653285	0.035414	
2885.654818	0.094304	
2885.656444	0.045303	
2885.657932	0.077985	
2885.659668	0.036989	
2885.661143	0.110373	
2885.662867	0.090831	
2885.664349	0.068688	
2885.666069	0.060063	
2885.667549	0.108298	
2885.669343	0.053610	
2885.670842	0.087198	
2885.672617	0.069284	
2885.674107	0.115179	
2885.675894	0.058117	
2885.677381	0.050238	
2885.679179	0.069018	
2885.680655	0.069308	
2885.682411	0.069445	
2885.683918	0.069622	
2885.685673	0.042101	
2885.687187	0.085059	
2885.688938	0.081800	
2885.690451	0.073184	
2885.692182	0.077353	
2885.693723	0.062287	
2885.695425	0.066521	
2885.696970	0.075468	
2885.698651	0.057207	
2885.700207	0.086300	
2885.701886	0.069425	
2885.703484	0.077856	
2885.705141	0.074549	
2885.706721	0.051398	
2885.708363	0.061570	
2885.709969	0.053505	
2885.711592	0.088769	
2885.713231	0.065812	
2885.714849	0.070565	
2885.716532	0.047584	
2885.718145	0.074295	
2885.719776	0.055402	
2885.721264	0.051306	
2885.722919	0.071745	
2885.724414	0.020799	
2885.726050	0.081490	
2885.727543	0.076849	
2885.729191	0.054226	
2885.730679	0.058122	
2885.732372	0.081977	
2885.733867	0.078078	
2885.735537	0.069159	
2885.737064	0.083714	
2885.738711	0.062106	
2885.740284	0.064591	
2885.741979	0.062400	
2885.743550	0.035821	
2885.745251	0.053372	
2885.746826	0.063576	
2885.748506	0.065634	
2885.750086	0.088564	
2885.751738	0.093386	
2885.753331	0.058686	
2885.754964	0.049686	
2885.756588	0.065050	
2885.758209	0.063556	
2885.759880	0.028957	
2885.761494	0.053497	
2885.763145	0.056458	
2885.764746	0.071467	
2885.766425	0.040925	
2885.768005	0.085768	
2885.769696	0.071246	
2885.771273	0.059181	
2885.772979	0.061095	
2885.774554	0.102824	
2885.776246	0.047865	
2885.777797	0.097571	
2885.779496	0.050581	
2885.781032	0.082646	
2885.782778	0.056426	
2885.784264	0.068531	
2885.786020	0.053086	
2885.787499	0.062025	
2885.789274	0.066223	
2885.790758	0.096580	
2885.792539	0.071693	
2885.794051	0.047334	
2885.795661	0.085881	
2885.797180	0.086412	
2885.798763	0.075395	
2885.800315	0.081663	
2885.801818	0.074964	
2885.803459	0.055926	
2885.805025	0.053187	
2885.806626	0.064434	
2885.808176	0.074980	
2885.809864	0.071520	
2885.811451	0.097382	
2885.813126	0.069912	
2885.814716	0.093236	
2885.816395	0.073091	
2885.817997	0.065868	
2885.819675	0.103315	
2885.821253	0.106401	
2885.822951	0.072027	
2885.824516	0.099283	
2885.826225	0.100830	
2885.827774	0.076688	
2885.829499	0.058742	
2885.831032	0.133157	
2885.832759	0.081562	
2885.834282	0.089816	
2885.836052	0.092705	
2885.837534	0.092100	
2885.839325	0.095883	
2885.840809	0.113733	
2885.842586	0.073804	
2885.844076	0.132839	
2885.845849	0.105273	
2885.847341	0.089691	
2885.849130	0.103122	
2885.850619	0.124605	
2885.852383	0.099235	
2885.853880	0.130458	
2885.855611	0.116299	
2885.857125	0.153782	
2885.858861	0.139792	
2885.860392	0.094546	
2885.862114	0.134587	
2885.863649	0.130116	
2885.865152	0.134845	
2885.866806	0.127731	
2885.868304	0.166528	
2885.869941	0.111807	
2885.871467	0.151816	
2885.873083	0.156413	
2885.874569	0.155051	
2885.876305	0.148791	
2885.877778	0.183306	
2885.879514	0.199383	
2885.880999	0.242425	
2885.882711	0.204011	
2885.884192	0.230018	
2885.885965	0.254514	
2885.887453	0.250647	
2885.889240	0.228173	
2885.890738	0.283752	
2885.892529	0.254502	
2885.894010	0.283933	
2885.895788	0.290685	
2885.897277	0.294942	
2885.899050	0.334356	
2885.900551	0.323826	
2885.902322	0.354642	
2885.903848	0.364222	
2885.905588	0.389938	
2885.907111	0.390736	
2885.908843	0.410314	
2885.910368	0.426189	
2885.912072	0.459753	
2885.913618	0.464942	
2885.915317	0.479021	
2885.916883	0.494344	
2885.918567	0.529230	
2885.920147	0.523038	
2885.921830	0.562467	
2885.923416	0.575616	
2885.925082	0.602094	
2885.926686	0.622352	
2885.928315	0.657971	
2885.929931	0.670628	
2885.931550	0.706323	
2885.933196	0.691176	
2885.934814	0.765893	
2885.936450	0.728946	
2885.937947	0.772443	
2885.939600	0.807812	
2885.941087	0.813448	
2885.942730	0.829275	
2885.944217	0.838496	
2885.945855	0.896927	
2885.947335	0.886578	
2885.949027	0.934016	
2885.950523	0.940348	
2885.952195	0.958540	
2885.953724	0.962427	
2885.955364	0.962230	
2885.956938	0.940864	
2885.958662	0.984647	
2885.960231	0.977082	
2885.961920	0.998807	
2885.963482	0.999460	
2885.965153	0.992502	
2885.966736	1.004777	
2885.968404	0.978633	
2885.970005	0.983382	
2885.971637	0.981018	
2885.973269	0.954246	
2885.974883	0.968139	
2885.976528	0.913040	
2885.978151	0.937887	
2885.979787	0.857163	
2885.981401	0.874300	
2885.983089	0.822544	
2885.984673	0.821517	
2885.986361	0.765019	
2885.987920	0.747142	
2885.989628	0.725590	
2885.991204	0.679313	
2885.992891	0.658430	
2885.994451	0.636753	
2885.996140	0.591810	
2885.997660	0.561911	
2885.999385	0.511356	
2886.000864	0.517765	
2886.002633	0.407026	
2886.004117	0.413726	
2886.005884	0.317400	
2886.007364	0.301408	
2886.009150	0.254837	
2886.010658	0.188329	
2886.012267	0.259356	
2886.013789	0.157109	
2886.015364	0.110933	
2886.016912	0.046480	
2886.018505	0.006660	
2886.020083	-0.032931	
2886.021655	-0.056420	
2886.023268	-0.118887	
2886.024807	-0.124011	
2886.026478	-0.164737	
2886.027955	-0.212839	
2886.029668	-0.273812	
2886.031226	-0.305140	
2886.032923	-0.337810	
2886.034482	-0.355124	
2886.036165	-0.421792	
2886.037717	-0.466720	
2886.039432	-0.490564	
2886.040950	-0.482906	
2886.042705	-0.554296	
2886.044186	-0.550235	
2886.045976	-0.615816	
2886.047462	-0.601544	
2886.049222	-0.670070	
2886.050701	-0.647374	
2886.052492	-0.672946	
2886.053978	-0.713145	
2886.055762	-0.745544	
2886.057255	-0.768828	
2886.058997	-0.754785	
2886.060510	-0.730491	
2886.062235	-0.799447	
2886.063760	-0.768159	
2886.065488	-0.787967	
2886.067030	-0.834143	
2886.068762	-0.808398	
2886.070299	-0.802912	
2886.072009	-0.813244	
2886.073558	-0.799935	
2886.075244	-0.796877	
2886.076816	-0.772953	
2886.078491	-0.770149	
2886.080106	-0.773183	
2886.081595	-0.772631	
