time (s)	magX	magY	magZ
2880.636744	-148.053772	-101.194626	-59.543545
2880.640072	-152.144958	-104.759796	-64.628288
2880.643409	-156.820587	-109.026306	-70.297493
2880.647610	-165.236710	-116.448868	-82.220345
2880.650935	-169.152542	-120.423141	-88.473999
2880.654347	-173.360611	-124.514328	-93.850967
2880.657184	-178.036240	-129.131500	-101.331970
2880.660564	-181.835175	-133.924026	-109.397430
2880.663865	-186.393936	-138.248993	-116.995331
2880.666759	-190.485092	-143.158401	-125.294571
2880.670076	-194.868484	-147.541794	-134.528931
2880.673405	-199.310349	-153.269440	-143.587952
2880.676736	-202.875534	-158.295731	-153.757446
2880.680077	-207.375809	-163.088257	-163.985382
2880.683406	-211.233200	-169.283463	-174.388672
2880.686742	-214.506149	-174.251312	-185.960846
2880.690076	-217.077744	-179.803635	-198.701935
2880.693401	-220.409103	-185.765045	-211.033905
2880.696737	-222.571579	-190.148437	-223.307434
2880.700069	-225.610764	-196.928116	-236.749863
2880.703405	-227.071884	-201.720642	-251.478088
2880.706733	-229.175919	-207.857391	-264.511414
2880.710083	-229.877243	-212.474579	-280.291656
2880.713402	-230.520157	-219.078918	-295.545898
2880.716730	-230.753952	-224.105209	-309.748108
2880.720987	-228.591476	-234.099365	-341.659271
2880.724348	-226.545883	-238.833435	-358.959106
2880.727661	-223.798935	-243.976624	-375.791351
2880.730492	-220.467575	-248.535370	-392.565186
2880.733825	-216.843948	-252.158966	-410.040314
2880.737168	-211.583878	-256.074799	-427.983032
2880.740064	-204.862656	-259.639984	-445.575104
2880.743399	-198.550552	-262.153107	-463.634735
2880.746727	-191.069565	-265.367615	-480.466949
2880.750068	-182.185867	-267.296326	-497.942139
2880.753393	-172.542374	-268.815887	-514.306885
2880.756730	-162.255997	-268.991211	-531.606689
2880.760054	-151.151367	-269.166595	-547.737549
2880.763392	-137.708954	-269.049683	-563.517822
2880.766740	-124.091171	-267.120972	-578.479858
2880.770055	-109.538284	-264.900055	-592.623657
2880.773391	-93.991821	-263.205139	-604.721802
2880.776732	-77.568680	-259.815308	-616.878418
2880.780069	-60.385742	-255.724152	-626.872559
2880.783396	-42.559906	-250.347168	-636.282227
2880.786729	-23.331383	-244.736389	-643.354248
2880.790058	-4.453537	-238.365875	-664.686768
2880.794239	34.821739	-224.981873	-656.387451
2880.797603	54.576271	-217.442429	-656.387451
2880.800937	74.623024	-209.201645	-655.569214
2880.803812	94.494446	-200.610184	-652.004028
2880.807146	113.313850	-191.025131	-648.322021
2880.810510	132.600830	-181.907669	-641.659302
2880.813391	150.601990	-172.381058	-633.944458
2880.816724	168.252472	-163.205154	-625.528320
2880.820056	184.734070	-153.620102	-614.657471
2880.823450	200.572769	-143.567505	-603.552856
2880.826723	214.950317	-135.092926	-589.935181
2880.830063	228.918762	-124.923431	-576.317383
2880.833387	241.133850	-115.689072	-561.706055
2880.836723	253.173584	-106.980713	-545.575073
2880.840049	263.343079	-97.980133	-529.561035
2880.843389	272.109863	-89.797775	-513.313232
2880.846718	280.292236	-80.972534	-496.364136
2880.850050	287.539459	-73.608414	-479.531830
2880.853408	293.383972	-65.776733	-462.290466
2880.856716	297.592041	-58.704853	-445.516663
2880.860047	301.157227	-52.042080	-427.924591
2880.863387	304.547058	-45.320866	-396.188782
2880.867591	307.469299	-33.982464	-377.544708
2880.870994	307.761536	-27.728817	-361.180023
2880.873841	307.878418	-22.936295	-345.341309
2880.877217	307.177094	-18.202221	-330.087097
2880.880469	305.540588	-13.526592	-314.423706
2880.883417	303.378113	-8.967854	-300.221497
2880.886713	300.748108	-5.168907	-285.084167
2880.890052	297.592041	-1.311514	-271.174164
2880.893382	293.734650	1.961426	-258.374634
2880.896722	289.468140	5.585037	-244.523087
2880.900049	285.493835	8.799532	-232.132675
2880.903378	280.876678	11.195791	-219.333145
2880.906714	276.142578	14.118059	-207.819412
2880.910049	270.707184	16.455873	-196.305679
2880.913378	264.804199	18.676796	-184.616608
2880.916713	259.135010	20.137932	-174.797791
2880.920048	253.758041	21.832846	-164.452957
2880.923379	247.504379	23.060200	-155.510818
2880.926724	241.835190	24.462887	-146.627121
2880.930045	235.347748	25.398012	-137.918762
2880.933376	229.503220	26.508474	-129.385742
2880.937645	218.515488	29.196960	-114.832848
2880.940896	213.080078	29.664524	-107.410294
2880.944221	206.767975	30.248978	-101.390419
2880.947132	200.981873	30.424313	-95.195206
2880.950472	195.137344	30.482758	-88.766220
2880.953799	190.227936	30.541204	-83.973701
2880.956706	184.032730	30.658094	-78.713623
2880.960042	179.298645	30.599649	-73.219757
2880.963399	173.746338	30.891876	-68.368790
2880.966710	168.720032	30.015196	-63.517830
2880.970044	164.395081	30.015196	-59.309765
2880.973376	159.427246	29.664524	-55.919933
2880.976708	154.926941	29.606079	-53.173000
2880.980118	150.485107	29.313852	-49.257164
2880.983380	146.861481	28.261835	-46.393341
2880.986710	142.536530	27.969608	-43.763298
2880.990039	138.679138	27.443600	-40.139687
2880.993372	134.997070	26.683811	-38.269436
2880.996708	130.555237	26.040913	-35.697842
2881.000037	127.808296	25.690239	-32.308010
2881.003377	123.834015	25.222677	-30.788429
2881.006741	120.151955	24.696669	-28.742844
2881.010890	114.015198	23.761543	-24.827003
2881.014249	110.742256	23.527761	-22.839863
2881.017603	107.644653	23.001753	-22.080074
2881.020480	104.839279	23.177090	-19.742260
2881.023810	102.267685	22.125072	-18.807133
2881.027149	99.053185	21.949738	-16.936882
2881.030031	96.773819	21.482174	-16.177090
2881.033365	93.559326	21.365284	-13.897728
2881.036697	90.812393	20.956165	-13.488605
2881.040030	88.883698	20.780830	-12.787262
2881.043370	86.136765	20.313267	-11.618355
2881.046704	84.149620	19.904148	-10.800121
2881.050073	81.578026	20.021040	-10.390999
2881.053371	79.123322	18.910580	-8.696087
2881.056701	77.720627	18.326126	-8.170078
2881.060036	76.142609	18.267681	-7.118061
2881.063366	74.097015	18.092344	-6.007603
2881.066695	71.934540	17.390999	-4.488026
2881.070027	70.356514	17.566334	-4.488026
2881.073362	67.551140	16.923435	-4.312687
2881.076700	65.330215	16.923435	-4.312687
2881.080033	64.336647	16.572765	-2.968437
2881.084314	61.063705	16.046757	-2.383987
2881.087651	59.076561	15.929866	-2.150208
2881.090547	58.141438	15.286966	-1.448860
2881.093832	56.504967	14.760959	-1.390419
2881.097122	55.219170	14.293396	-0.338402
2881.100482	53.758034	14.468732	0.187607
2881.103363	52.881355	13.884278	0.479836
2881.106699	51.420219	13.533607	1.122734
2881.110028	50.192871	13.299825	1.122734
2881.113363	49.257744	12.949153	1.473404
2881.116693	48.264175	13.007598	0.888954
2881.120029	46.919930	13.007598	0.888954
2881.123359	46.101692	12.247808	1.707184
2881.126690	44.757454	12.481590	1.239624
2881.130024	43.997662	12.656926	1.181175
2881.133357	43.646988	12.014026	2.233192
2881.136686	42.945644	11.429573	1.824081
2881.140027	42.068962	11.488018	1.239624
2881.143356	40.607830	11.195791	2.174751
2881.146697	40.023376	10.962009	2.817642
2881.150021	39.848042	11.020454	2.525421
2881.153363	39.088253	11.195791	2.233192
2881.157548	38.036236	10.786674	2.233192
2881.160887	37.218002	10.319111	1.648743
2881.164207	36.691994	10.260666	2.116302
2881.167111	36.224426	10.026884	1.999413
2881.170449	35.406193	10.026884	1.882523
2881.173782	34.938629	10.085331	1.999413
2881.176687	34.295731	9.909994	2.057861
2881.180035	33.652832	9.851549	2.817642
2881.183353	32.951488	9.909994	2.642311
2881.186687	32.659264	9.383986	2.466972
2881.190018	31.957920	9.091759	2.233192
2881.193368	31.198128	9.091759	2.291641
2881.196688	31.139683	8.857979	3.343658
2881.200017	30.496784	8.916424	3.402100
2881.203351	30.146114	8.799532	2.876091
2881.206679	29.503216	8.857979	2.174751
2881.210024	29.269432	8.974869	3.226768
2881.213351	28.451199	8.799532	2.700752
2881.216682	28.451199	8.390415	3.051430
2881.220018	28.158970	8.741087	3.694328
2881.223370	27.632965	8.857979	3.694328
2881.227984	26.580944	8.039743	3.343658
2881.230890	26.288719	8.039743	3.343658
2881.234239	26.288719	7.922853	3.635880
2881.237131	25.470482	8.215080	3.752769
2881.240483	25.528927	7.805962	2.876091
2881.243796	25.762711	7.572180	3.460548
2881.247126	25.002922	7.864407	3.460548
2881.250008	24.944477	7.922853	3.928108
2881.253351	24.418468	7.747517	3.518990
2881.256679	24.886028	7.455288	4.512566
2881.260013	24.652248	7.747517	4.161888
2881.263348	24.476913	7.572180	3.869659
2881.266705	24.184685	7.572180	3.928108
2881.270007	24.418468	7.572180	3.635880
2881.273347	24.243130	7.513733	4.571007
2881.276677	24.009350	6.929281	3.869659
2881.280012	23.892460	7.104616	4.161888
2881.283342	23.366451	7.455288	3.402100
2881.286674	23.483341	7.747517	3.928108
2881.290010	23.775570	7.104616	4.044998
2881.293342	23.308006	7.455288	4.395676
2881.296673	23.191116	7.396843	3.577438
2881.300962	23.424896	7.221508	4.337227
2881.304265	23.366451	7.163061	4.337227
2881.307531	22.840443	6.987726	4.278778
2881.310457	23.191116	7.630627	3.752769
2881.313769	23.366451	7.279953	3.869659
2881.317103	23.249561	7.981298	4.220337
2881.320008	22.898888	7.396843	3.694328
2881.323335	22.898888	7.572180	3.460548
2881.326674	22.606663	7.689072	3.460548
2881.330008	22.898888	7.630627	3.635880
2881.333336	23.015778	7.689072	3.694328
2881.336668	22.606663	7.513733	3.694328
2881.340002	22.781998	7.221508	4.044998
2881.343337	22.548218	7.747517	3.694328
2881.346671	22.372879	7.572180	4.161888
2881.350019	22.022209	7.572180	3.869659
2881.353355	22.139099	7.221508	4.220337
2881.356672	22.548218	7.572180	4.629456
2881.360009	22.665108	7.630627	4.395676
2881.363342	23.015778	7.864407	5.038567
2881.366671	22.898888	8.156633	4.746346
2881.370000	23.249561	7.864407	4.395676
2881.374183	22.840443	8.273525	4.278778
2881.377543	23.191116	8.273525	4.161888
2881.380869	23.132671	8.448860	3.928108
2881.383820	23.132671	8.331970	4.395676
2881.387108	23.249561	8.507305	4.161888
2881.390450	23.775570	8.390415	4.220337
2881.393367	24.009350	8.390415	4.395676
2881.396665	24.593803	8.741087	4.103439
2881.399998	24.593803	8.974869	4.044998
2881.403332	24.593803	8.916424	3.869659
2881.406665	24.769138	9.091759	4.687897
2881.409994	24.827583	8.974869	4.161888
2881.413330	25.178257	9.150204	3.811218
2881.416666	25.704266	9.559322	3.168320
2881.419994	25.762711	9.442430	4.103439
2881.423328	26.171829	10.202221	3.869659
2881.426695	26.230274	10.143776	3.402100
2881.429997	26.990063	10.260666	3.635880
2881.433326	26.990063	10.728230	4.103439
2881.436659	27.866745	10.377556	3.635880
2881.439999	27.691410	11.020454	3.986549
2881.443329	27.925190	10.728230	3.752769
2881.447591	28.977207	11.195791	4.395676
2881.450927	29.561661	11.721800	4.337227
2881.454261	29.620106	11.780245	4.337227
2881.457117	30.204559	12.189363	4.161888
2881.460421	30.905903	12.364699	3.752769
2881.463750	31.256573	12.890708	3.752769
2881.466656	31.431911	12.306254	3.635880
2881.470023	31.665691	12.890708	4.103439
2881.473324	32.542374	12.890708	2.876091
2881.476650	32.951488	13.299825	3.285210
2881.479989	33.009933	14.059614	2.876091
2881.483323	33.828171	14.118059	3.518990
2881.486659	34.412621	14.351841	2.466972
2881.489992	34.646404	14.819404	3.168320
2881.493319	35.055523	15.170075	2.934540
2881.496653	35.639973	15.345411	3.109879
2881.500015	36.516655	15.988311	3.168320
2881.503316	37.218002	16.338982	3.869659
2881.506657	37.334892	16.748100	3.285210
2881.509992	37.919346	16.864990	3.051430
2881.513329	39.205143	16.923435	3.869659
2881.516667	40.023376	17.624781	2.057861
2881.520834	41.776737	19.319695	2.817642
2881.524191	42.594971	19.144360	2.408531
2881.527498	43.763878	20.021040	2.583862
2881.530414	44.699005	20.605494	2.116302
2881.533745	45.341904	20.605494	1.882523
2881.537079	46.744591	21.306839	1.940971
2881.539987	47.504379	22.183517	2.174751
2881.543338	48.439507	23.235535	1.181175
2881.546655	49.549973	23.644651	0.421387
2881.549981	51.011101	24.638224	-0.163063
2881.553337	51.829338	25.514904	-0.455292
2881.556669	53.056690	25.807131	-0.630623
2881.559985	54.751606	26.333138	-0.338402
2881.563311	56.446522	27.911163	-1.156639
2881.566653	57.966103	29.021626	-1.390419
2881.569979	59.076561	29.722969	-2.383987
2881.573313	60.829922	30.950321	-2.383987
2881.576648	62.700172	31.710112	-4.020462
2881.579979	64.278198	33.171246	-4.078903
2881.583310	65.797775	34.047924	-4.429577
2881.586671	68.018700	35.509060	-5.832264
2881.589984	69.830505	36.035069	-6.007603
2881.594182	72.811218	38.372883	-7.468735
2881.597515	75.616600	40.184685	-7.176510
2881.600451	77.369957	41.002922	-8.812981
2881.603756	78.480423	42.171829	-9.689655
2881.607127	81.110458	42.931618	-10.917011
2881.610407	82.396255	44.626534	-11.443016
2881.613324	84.967857	46.263004	-12.670372
2881.616640	87.422562	48.308590	-14.189949
2881.619976	88.883698	49.945061	-14.248398
2881.623312	91.279953	50.938633	-15.475746
2881.626646	93.851547	53.334892	-16.761543
2881.630006	96.189362	55.438927	-18.398018
2881.633315	98.468727	57.016949	-19.508476
2881.636639	100.748100	59.179428	-21.086502
2881.639971	104.430161	60.757454	-22.781418
2881.643318	106.592636	62.744595	-24.885448
2881.646642	109.748688	65.199295	-25.937466
2881.649971	113.080070	67.887787	-28.976624
2881.653305	115.710114	69.991821	-30.262424
2881.656637	118.983047	72.680305	-32.834019
2881.659973	121.729980	74.842781	-35.931625
2881.664270	128.977203	81.271774	-41.308594
2881.667568	132.425476	84.018707	-43.938637
2881.670819	135.990646	86.531853	-47.153130
2881.673769	139.731140	89.921677	-50.952080
2881.677072	143.471649	93.486847	-54.926361
2881.680394	147.445938	97.753357	-58.959091
2881.683301	151.654007	100.909409	-63.985390
2881.686646	155.745178	104.942139	-69.479256
2881.689965	160.011688	108.565750	-75.090012
2881.693307	163.752197	112.481598	-80.934540
2881.696639	168.194031	117.215668	-86.194626
2881.699974	172.635895	121.891296	-91.922272
2881.703301	175.850372	125.982468	-98.994156
2881.706634	180.467560	130.248978	-105.890709
2881.709970	184.208069	135.333725	-112.962601
2881.713302	188.123901	139.658676	-120.385155
2881.716652	192.215073	144.801865	-129.794861
2881.719972	195.663361	149.945068	-137.275864
2881.723299	199.170074	154.971359	-146.568680
2881.726635	202.209229	160.465225	-155.627716
2881.729972	205.599075	165.725311	-165.095856
2881.733296	208.404449	170.634720	-174.739334
2881.737478	213.781418	181.330215	-195.662766
2881.740825	215.184097	186.648743	-206.884293
2881.744162	217.463470	192.025711	-218.573349
2881.747053	218.281708	198.279358	-230.788437
2881.750407	219.275269	203.422546	-241.951492
2881.753748	219.625946	209.091751	-254.283463
2881.756626	220.093506	214.702499	-267.784332
2881.759978	219.567505	219.728806	-280.642334
2881.763318	218.924606	225.865570	-293.266510
2881.766629	216.820572	231.008774	-307.118042
2881.769962	214.599640	236.444168	-320.911163
2881.773296	211.969604	240.710693	-334.938049
2881.776623	208.462875	245.561646	-348.497375
2881.779962	204.137939	249.886612	-364.102295
2881.783294	199.696091	253.744019	-378.655182
2881.786621	193.442429	258.244324	-393.441833
2881.789962	185.786102	261.575684	-407.936310
2881.793292	178.246643	265.140869	-422.664520
2881.796626	169.772064	267.186432	-437.626526
2881.799958	160.654587	269.816498	-451.945648
2881.803311	149.959091	270.926941	-465.271179
2881.806619	138.328461	272.037415	-478.830505
2881.810831	113.313850	272.563416	-504.663361
2881.814232	98.936295	271.686737	-516.703125
2881.817578	83.915840	270.284058	-527.106323
2881.820396	68.194038	268.296906	-538.210999
2881.823717	51.186440	265.608429	-547.912903
2881.827053	34.704849	261.926361	-555.510864
2881.829967	17.405025	257.426056	-562.874878
2881.833285	-0.303917	252.984222	-568.894775
2881.836619	-18.597313	246.789001	-573.628906
2881.839960	-36.949158	240.593796	-576.960205
2881.843284	-55.242554	233.755692	-578.772095
2881.846624	-73.360611	226.683807	-578.421387
2881.849956	-90.952652	218.793686	-578.129150
2881.853287	-108.836929	210.026871	-576.317383
2881.856617	-125.786087	200.850952	-572.226196
2881.859952	-142.326111	191.733490	-567.199829
2881.863285	-158.632370	183.142029	-560.946289
2881.866615	-173.360611	173.030960	-553.640564
2881.869956	-188.088852	163.329041	-545.341309
2881.873279	-201.063705	154.211563	-536.223877
2881.876621	-213.746353	143.925186	-526.405029
2881.879951	-225.669205	134.573929	-514.599060
2881.884217	-245.599045	115.812973	-492.039185
2881.887467	-254.599655	106.520157	-478.713623
2881.890406	-262.139099	97.519577	-465.271179
2881.893714	-268.275879	88.811218	-452.471649
2881.897035	-275.230835	80.161308	-438.094086
2881.899949	-279.731140	72.329636	-424.125671
2881.903293	-284.231445	64.790176	-409.338989
2881.906611	-287.153748	57.133839	-395.662781
2881.909943	-290.251343	49.652832	-381.226776
2881.913279	-291.946228	43.340736	-368.018127
2881.916615	-292.881348	37.262421	-352.647003
2881.919948	-293.056702	30.190533	-339.146118
2881.923284	-292.881348	23.761543	-325.703705
2881.926610	-291.420227	17.507889	-312.144379
2881.929943	-290.017517	13.007598	-299.637054
2881.933302	-287.387512	7.981298	-286.136169
2881.936618	-285.049683	3.831678	-273.044434
2881.939942	-281.835205	-0.668615	-260.303345
2881.943278	-278.562256	-4.292229	-248.438934
2881.946619	-274.646423	-8.149620	-236.516083
2881.949942	-271.081238	-11.597897	-224.359436
2881.954121	-261.963745	-17.968441	-202.150208
2881.957477	-256.469910	-20.014027	-191.279373
2881.960817	-252.144943	-22.351841	-181.635895
2881.963693	-246.592636	-24.923435	-171.232605
2881.967060	-242.033920	-26.852135	-162.582703
2881.970401	-235.780228	-28.313271	-152.705444
2881.973269	-230.520157	-29.306839	-144.873749
2881.976670	-224.383408	-30.475742	-136.983643
2881.979944	-218.947983	-31.878433	-129.268860
2881.983270	-213.278793	-32.813557	-121.963181
2881.986602	-208.310928	-33.514900	-115.709534
2881.989949	-202.583298	-34.157803	-109.163651
2881.993269	-197.381638	-34.508476	-102.559326
2881.996606	-192.180008	-34.566917	-96.539452
2881.999939	-186.861496	-34.625366	-91.863823
2882.003275	-181.776733	-35.502041	-86.428406
2882.006603	-177.744003	-35.911163	-81.168327
2882.009937	-172.542374	-35.735828	-77.018707
2882.013267	-168.100525	-35.560490	-72.752197
2882.016609	-163.717133	-35.268261	-67.725891
2882.019944	-159.216827	-35.385151	-63.693165
2882.023275	-154.365875	-35.268261	-60.478668
2882.027546	-146.534180	-34.976036	-54.634132
2882.030859	-142.676804	-34.274693	-51.185860
2882.034220	-139.345413	-33.982464	-48.088257
2882.037046	-135.663361	-33.631794	-45.341324
2882.040360	-131.630630	-33.222679	-43.529518
2882.043695	-128.474579	-33.164230	-41.016365
2882.046619	-125.669205	-32.988895	-38.503220
2882.049938	-121.870255	-32.170662	-36.223850
2882.053267	-119.181763	-31.761539	-33.593807
2882.056599	-116.259506	-31.410870	-31.080658
2882.059936	-113.337234	-31.001755	-30.028641
2882.063261	-109.830505	-29.949738	-28.099945
2882.066601	-107.375793	-30.826416	-26.872593
2882.069930	-104.453537	-29.774399	-25.119232
2882.073262	-102.057281	-29.365284	-23.891880
2882.076620	-99.135010	-29.131504	-23.015198
2882.079930	-96.095840	-29.073055	-22.080074
2882.083262	-94.342499	-28.780834	-20.092930
2882.086598	-92.063110	-28.663940	-18.631798
2882.089929	-90.134430	-28.313271	-16.703102
2882.093256	-87.621277	-27.611927	-15.884869
2882.096603	-85.634140	-27.027473	-14.832851
2882.100797	-80.900055	-25.917007	-12.436588
2882.104103	-79.146698	-26.150791	-11.852135
2882.107488	-76.925781	-24.806545	-10.624783
2882.110351	-75.464645	-24.864990	-10.449448
2882.113680	-73.419052	-24.748100	-9.631214
2882.117019	-71.198135	-24.455872	-9.046761
2882.119937	-69.678558	-23.871418	-8.929871
2882.123255	-68.042068	-23.520748	-8.228527
2882.126591	-66.873169	-23.228523	-7.176510
2882.129921	-65.236694	-22.644070	-5.890713
2882.133262	-64.009354	-22.585621	-5.540039
2882.136592	-62.080658	-22.410290	-5.247810
2882.139926	-61.028641	-22.468731	-5.130920
2882.143256	-60.444183	-21.825832	-4.137352
2882.146588	-58.281708	-21.066044	-4.254242
2882.149957	-57.229683	-21.182934	-4.137352
2882.153256	-55.943893	-20.481590	-3.728233
2882.156591	-55.242554	-20.949150	-2.968437
2882.159919	-54.132095	-20.247807	-2.267097
2882.163276	-53.547630	-20.306252	-2.091766
2882.166584	-52.787842	-20.364697	-1.916420
2882.169925	-50.917587	-20.130917	-1.857979
2882.174133	-49.398018	-19.546463	-1.624199
2882.177456	-48.755112	-18.786674	-1.682640
2882.180383	-47.703102	-19.078899	-1.331970
2882.183703	-47.410873	-18.669785	-1.215080
2882.187041	-46.475746	-18.611340	-0.455292
2882.189944	-45.949730	-18.962009	-1.098190
2882.193288	-45.189957	-18.319111	-1.098190
2882.196584	-44.605492	-18.260666	-1.156639
2882.199920	-44.021049	-17.909992	-0.279953
2882.203248	-43.728813	-18.260666	-0.396843
2882.206609	-43.085922	-17.968441	-1.156639
2882.209919	-42.501465	-17.150204	-0.513733
2882.213253	-41.624786	-17.325542	-0.630623
2882.216589	-41.157219	-17.091759	-0.455292
2882.219926	-40.572762	-17.500877	-0.279953
2882.223250	-39.462303	-16.682644	0.421387
2882.226583	-39.111626	-17.267094	0.362938
2882.229914	-38.877846	-16.682644	0.421387
2882.233250	-38.527176	-15.922852	0.479836
2882.236579	-38.293396	-16.857979	0.655174
2882.239916	-37.825836	-16.273525	0.362938
2882.244173	-36.481598	-16.448860	0.012268
2882.247528	-36.130920	-16.215080	0.538284
2882.250845	-36.072472	-16.215080	0.479836
2882.253667	-35.020462	-16.098190	0.362938
2882.257003	-34.669785	-15.981297	0.421387
2882.260348	-34.669785	-16.215080	-0.104622
2882.263258	-34.202217	-15.630627	0.655174
2882.266576	-34.026886	-15.455292	1.005844
2882.269912	-33.676216	-15.747517	0.772064
2882.273246	-33.150208	-15.805962	0.596725
2882.276575	-32.857979	-15.513737	1.239624
2882.279903	-32.857979	-15.396843	1.239624
2882.283246	-32.507309	-14.812393	1.181175
2882.286578	-31.981300	-15.163063	1.414955
2882.289908	-31.922852	-15.279953	1.122734
2882.293244	-31.805969	-14.929283	0.772064
2882.296570	-31.513733	-14.753944	1.239624
2882.299907	-31.864403	-14.929283	1.648743
2882.303239	-31.513733	-14.753944	1.765633
2882.306580	-31.572182	-15.221508	1.590294
2882.309939	-31.513733	-14.812393	1.531845
2882.313241	-31.513733	-14.812393	1.882523
2882.317426	-30.169495	-15.104618	2.116302
2882.320757	-30.286385	-15.279953	1.473404
2882.324089	-30.520164	-14.929283	1.414955
2882.326997	-30.344826	-15.104618	1.005844
2882.330342	-30.344826	-14.929283	1.707184
2882.333682	-29.877266	-14.929283	1.882523
2882.336591	-29.877266	-15.104618	1.064285
2882.339903	-30.520164	-14.929283	1.005844
2882.343237	-30.227936	-14.637054	1.005844
2882.346570	-29.643478	-14.637054	1.181175
2882.349906	-29.818817	-14.753944	1.122734
2882.353267	-29.701927	-14.812393	1.531845
2882.356569	-29.760376	-15.396843	1.648743
2882.359907	-30.286385	-14.987728	1.940971
2882.363235	-29.409698	-14.929283	1.239624
2882.366566	-29.585037	-15.279953	1.414955
2882.369900	-29.468147	-15.104618	1.940971
2882.373235	-29.643478	-15.513737	2.876091
2882.376565	-29.818817	-15.689072	1.414955
2882.379937	-29.701927	-15.046173	0.713615
2882.383232	-29.818817	-15.513737	1.765633
2882.386565	-30.052605	-15.221508	1.181175
2882.390792	-29.701927	-15.864407	2.233192
2882.394111	-29.526588	-15.805962	1.707184
2882.397498	-29.000587	-15.805962	2.116302
2882.400348	-29.643478	-15.805962	2.525421
2882.403680	-29.117477	-15.805962	2.583862
2882.406992	-29.643478	-15.689072	1.824081
2882.409900	-29.292809	-15.805962	2.291641
2882.413228	-29.760376	-16.039745	1.298065
2882.416566	-29.935715	-16.507305	2.525421
2882.419896	-30.169495	-16.565750	1.707184
2882.423263	-29.468147	-16.039745	1.239624
2882.426560	-30.695496	-16.857979	0.655174
2882.429889	-30.578606	-16.156635	0.947395
2882.433228	-30.695496	-16.448860	1.531845
2882.436578	-30.812386	-16.799534	1.356514
2882.439897	-31.046173	-17.208649	0.947395
2882.443227	-31.221512	-17.033314	2.233192
2882.446555	-31.338402	-17.383987	0.888954
2882.449892	-31.630623	-17.325542	1.356514
2882.453228	-31.572182	-17.325542	1.531845
2882.456560	-32.098183	-17.851547	0.772064
2882.460816	-32.273529	-18.143776	1.181175
2882.464165	-32.857979	-18.494446	1.181175
2882.467405	-32.916428	-18.786674	0.772064
2882.470316	-33.910004	-19.488018	0.772064
2882.473648	-33.617767	-19.429573	1.064285
2882.476991	-34.260666	-19.604908	0.479836
2882.479924	-34.377563	-19.780247	1.181175
2882.483228	-34.903564	-19.780247	0.772064
2882.486553	-35.663353	-20.481590	0.479836
2882.489890	-35.663353	-20.247807	0.655174
2882.493222	-36.423149	-21.007595	0.888954
2882.496556	-36.247810	-20.773815	0.070717
2882.499884	-36.423149	-20.949150	0.655174
2882.503220	-37.299820	-21.825832	0.888954
2882.506555	-37.358269	-21.533604	0.538284
2882.509891	-38.118065	-22.118057	0.129158
2882.513216	-37.884285	-22.001167	0.538284
2882.516559	-38.819412	-22.936295	0.479836
2882.519893	-38.585625	-23.637638	-0.338402
2882.523227	-39.286972	-24.046757	-0.163063
2882.526552	-40.455879	-23.929867	-0.163063
2882.529893	-40.981888	-24.280537	0.246048
2882.534088	-41.157219	-25.157215	0.187607
2882.537399	-41.975449	-25.741669	0.129158
2882.540757	-42.384575	-26.267681	-0.396843
2882.543650	-43.319702	-26.150791	-0.104622
2882.547002	-44.079483	-26.618351	-0.805962
2882.550329	-44.722389	-27.495033	-0.630623
2882.553244	-44.897720	-28.079487	-1.039749
2882.556544	-46.300415	-28.021038	-0.338402
2882.559940	-47.177086	-29.073055	-1.741089
2882.563225	-47.761551	-29.774399	-1.448860
2882.566556	-48.813560	-30.826416	-0.981300
2882.569883	-49.865578	-30.943306	-1.565750
2882.573214	-50.508476	-32.112213	-1.916420
2882.576544	-51.794281	-32.755116	-2.091766
2882.579877	-52.612511	-33.456459	-2.968437
2882.583254	-54.073647	-34.391582	-2.734657
2882.586548	-54.599655	-34.859146	-3.436001
2882.589882	-56.411453	-35.794273	-4.137352
2882.593213	-56.879021	-37.080067	-4.195793
2882.596568	-58.457039	-37.489193	-4.780247
2882.599878	-59.567513	-37.956753	-5.306259
2882.603208	-61.145538	-39.359440	-5.247810
2882.607433	-63.483353	-41.580364	-7.118061
2882.610825	-64.886032	-42.983051	-7.293400
2882.614136	-66.288727	-43.450611	-7.351841
2882.617000	-67.925186	-44.794857	-8.345417
2882.620306	-68.743439	-46.606663	-9.105202
2882.623633	-70.204559	-47.308010	-9.923439
2882.626541	-71.841019	-48.886036	-10.274109
2882.629875	-73.243713	-50.288723	-11.735245
2882.633209	-74.997086	-51.516071	-13.079491
2882.636546	-76.633545	-53.152538	-13.196381
2882.639908	-78.796036	-54.263004	-13.897728
2882.643209	-80.023392	-55.957920	-14.599072
2882.646538	-82.127411	-57.652836	-14.891293
2882.649869	-84.056107	-58.938633	-17.346001
2882.653215	-85.867920	-60.516659	-16.936882
2882.656543	-87.679718	-62.270016	-19.216251
2882.659871	-90.075989	-64.374054	-19.040916
2882.663207	-91.946228	-66.244293	-20.209824
2882.666534	-94.342499	-67.880768	-21.378731
2882.669864	-96.621857	-69.751022	-24.125660
2882.673203	-98.667450	-71.445938	-25.294567
2882.677463	-102.992401	-76.180008	-28.625954
2882.680721	-106.206894	-78.810043	-30.905323
2882.684088	-108.544708	-80.855637	-32.366455
2882.686961	-111.466980	-82.375214	-34.528931
2882.690295	-114.564590	-85.297485	-36.632965
2882.693627	-116.785507	-88.336655	-38.503220
2882.696536	-120.116882	-91.668030	-40.782585
2882.699864	-122.863831	-94.122742	-44.230862
2882.703204	-125.669205	-97.687897	-47.679138
2882.706534	-129.234360	-100.551727	-50.659851
2882.709870	-132.390427	-103.883118	-54.283463
2882.713222	-135.780243	-107.214493	-57.556404
2882.716529	-138.994736	-110.896561	-61.822914
2882.719863	-142.910568	-114.403275	-66.089424
2882.723200	-146.183517	-118.377563	-71.933960
2882.726547	-149.865585	-122.059616	-76.960258
2882.729864	-153.664520	-126.267685	-81.694336
2882.733200	-156.645233	-130.884872	-87.889542
2882.736534	-160.151962	-135.034485	-93.324959
2882.739870	-163.717133	-139.885452	-98.877266
2882.743197	-167.516068	-144.736420	-105.540039
2882.746532	-170.672134	-148.886032	-112.962601
2882.750719	-176.984207	-159.172424	-126.521919
2882.754066	-180.140274	-164.432495	-134.645813
2882.757442	-182.478088	-170.101700	-143.354187
2882.760316	-186.160141	-175.011108	-151.770325
2882.763640	-188.673294	-181.147873	-161.121567
2882.767069	-190.952652	-185.823502	-169.829926
2882.769880	-194.517838	-191.551147	-180.057861
2882.773190	-196.504990	-197.629471	-189.935135
2882.776527	-198.608994	-202.363525	-200.864410
2882.779861	-200.070145	-208.617187	-211.910583
2882.783196	-201.998825	-213.468140	-223.132095
2882.786528	-202.933945	-219.195786	-235.931625
2882.789858	-203.635300	-225.098770	-247.796036
2882.793193	-203.810654	-230.943329	-260.829346
2882.796524	-203.693741	-236.670959	-273.628876
2882.799859	-203.635300	-241.989502	-286.895966
2882.803189	-202.992386	-247.191101	-301.507324
2882.806523	-201.414383	-252.568085	-314.657532
2882.809856	-199.310349	-258.178833	-330.145538
2882.813206	-196.972549	-262.796051	-345.224426
2882.816520	-193.524277	-268.114563	-360.712463
2882.819854	-189.666855	-273.608429	-375.674469
2882.824122	-179.438919	-281.440125	-408.053192
2882.827452	-172.600815	-284.479248	-423.833435
2882.830766	-165.645813	-287.693756	-440.431915
2882.833623	-157.755707	-290.674469	-455.627716
2882.836944	-148.579788	-293.304504	-471.057281
2882.840282	-138.644073	-294.414978	-487.188202
2882.843211	-128.007019	-295.350098	-502.208649
2882.846519	-116.025726	-295.642334	-516.001770
2882.849851	-103.343063	-296.109894	-529.327332
2882.853183	-89.842194	-295.233185	-542.535950
2882.856518	-75.523087	-294.181183	-554.225037
2882.859854	-60.794861	-291.843353	-565.329590
2882.863184	-44.196381	-288.570435	-573.804199
2882.866513	-27.714790	-285.063721	-582.629517
2882.869849	-10.239624	-281.966095	-589.116821
2882.873187	7.235535	-276.881348	-594.493896
2882.876516	24.535358	-271.387512	-599.169556
2882.879850	42.478081	-266.185852	-601.507324
2882.883216	60.479252	-259.756866	-602.150269
2882.886543	79.181763	-252.801880	-601.448853
2882.889851	96.423141	-245.379333	-600.163086
2882.893178	113.898300	-236.904724	-597.123901
2882.897365	146.978363	-220.656937	-586.194580
2882.900718	163.576843	-213.059036	-579.590332
2882.904072	177.954407	-204.993576	-571.232666
2882.906940	192.916412	-195.934555	-561.822876
2882.910297	206.241959	-187.167740	-551.068970
2882.913631	218.983047	-178.868500	-539.087646
2882.916516	230.555222	-169.809464	-527.340149
2882.919843	241.601410	-160.867325	-514.832886
2882.923176	251.887787	-152.100540	-501.916443
2882.926546	260.888367	-142.690826	-488.181763
2882.929879	269.596741	-134.742249	-474.096405
2882.933179	276.259491	-126.735260	-458.783752
2882.936511	282.805359	-117.793106	-443.587982
2882.939842	288.240784	-109.610748	-428.450592
2882.943194	292.565735	-102.305084	-414.131500
2882.946511	295.955566	-94.707199	-399.111053
2882.949848	299.111633	-87.343079	-383.447693
2882.953184	300.514313	-80.212738	-368.777924
2882.956511	302.033905	-73.257751	-353.114563
2882.959840	302.793701	-67.179428	-337.977203
2882.963178	302.618347	-60.691990	-323.015198
2882.966515	301.916992	-54.613674	-294.610779
2882.970713	298.760956	-43.801289	-283.272339
2882.974137	296.481567	-38.891880	-269.011688
2882.976957	294.260681	-34.683807	-256.562805
2882.980292	290.169495	-29.715958	-243.529526
2882.983619	286.370544	-25.098774	-231.139114
2882.986535	282.279358	-21.767387	-219.450027
2882.989835	277.603760	-18.026886	-208.462311
2882.993169	273.103455	-14.227940	-197.007019
2882.996507	268.778503	-10.779659	-185.843964
2882.999836	262.992401	-8.617184	-175.090012
2883.003170	257.790771	-6.045589	-166.030975
2883.006508	252.180023	-3.298655	-157.088837
2883.009846	246.277039	-1.545294	-148.088257
2883.013168	240.724716	0.324957	-139.029236
2883.016531	235.230865	1.961426	-131.080658
2883.019831	229.503220	3.656342	-123.658096
2883.023172	223.834015	4.416132	-115.767975
2883.026507	217.989487	6.111046	-109.923439
2883.029842	213.021622	6.987726	-102.851547
2883.033168	207.527756	8.156633	-97.065460
2883.036502	202.092331	8.974869	-91.454712
2883.040768	191.630615	10.319111	-81.694336
2883.044189	186.604324	10.845119	-76.609589
2883.047352	181.402679	11.195791	-72.226189
2883.050258	176.960846	11.838690	-67.667450
2883.053598	172.109879	12.072473	-63.108711
2883.056922	167.784912	12.715371	-59.192871
2883.059829	162.992401	13.358271	-56.212158
2883.063160	159.135010	13.650496	-52.997665
2883.066499	155.102280	14.059614	-49.841614
2883.069827	150.894211	13.884278	-46.977795
2883.073172	147.036819	13.708942	-44.406197
2883.076499	143.237869	13.825833	-42.360611
2883.079827	139.438919	13.884278	-39.847458
2883.083168	135.815308	14.176505	-36.983639
2883.086493	131.548798	13.942723	-34.938049
2883.089825	128.042084	14.410286	-32.950909
2883.093163	125.061371	14.176505	-31.197548
2883.096556	121.496201	14.118059	-29.210407
2883.099830	118.515488	13.475161	-27.573936
2883.103196	115.417877	13.475161	-25.411457
2883.106497	112.203384	13.650496	-23.073643
2883.109825	109.748688	13.358271	-21.963181
2883.113999	103.553482	13.358271	-19.157806
2883.117380	100.631210	12.949153	-17.988899
2883.120720	98.118057	13.182934	-15.943310
2883.123607	95.488022	12.715371	-14.891293
2883.126933	93.150208	12.949153	-14.014618
2883.130277	91.046173	13.182934	-13.254826
2883.133159	87.890121	12.773817	-12.144360
2883.136496	86.078316	12.832262	-10.975452
2883.139823	83.740501	12.540035	-10.040329
2883.143152	81.636467	12.364699	-8.929871
2883.146522	79.649330	11.955582	-8.286968
2883.149824	77.837524	11.955582	-7.468735
2883.153152	75.090591	11.604908	-7.760963
2883.156489	73.804794	10.903564	-6.182938
2883.159829	71.700760	10.903564	-6.182938
2883.163155	70.414963	11.020454	-5.540039
2883.166483	69.070717	10.436003	-5.072479
2883.169822	66.616013	10.260666	-5.072479
2883.173151	64.804207	10.143776	-4.604916
2883.176486	63.518410	10.085331	-4.488026
2883.179829	61.823494	9.617767	-4.137352
2883.183180	61.239040	9.617767	-3.202225
2883.187407	58.433662	9.442430	-2.734657
2883.190774	56.738747	9.500877	-3.845123
2883.194082	56.154297	9.267096	-2.968437
2883.196920	55.043831	9.150204	-2.091766
2883.200242	54.400932	8.916424	-1.156639
2883.203592	52.939800	8.215080	-1.448860
2883.206486	52.004677	8.565752	-1.273529
2883.209822	51.361774	8.390415	-1.331970
2883.213153	50.075977	8.215080	-1.156639
2883.216481	48.965515	8.448860	-1.156639
2883.219815	48.322617	8.624197	-0.864410
2883.223148	47.445938	7.922853	-1.331970
2883.226481	47.270599	7.747517	-0.805962
2883.229821	46.101692	8.215080	-1.098190
2883.233167	45.341904	8.215080	-0.864410
2883.236478	44.114552	8.098188	0.421387
2883.239812	43.530098	7.689072	0.830505
2883.243147	43.062534	7.513733	-0.046173
2883.246480	43.004089	7.455288	-0.630623
2883.249814	41.601402	7.338398	0.304497
2883.253144	41.133839	7.104616	0.304497
2883.256476	40.783165	7.455288	0.070717
2883.260686	38.620689	6.812389	0.596725
2883.263990	37.860901	7.163061	1.122734
2883.267329	37.802452	7.046171	1.122734
2883.270238	37.042664	6.929281	0.888954
2883.273568	36.750439	7.104616	1.356514
2883.276917	36.107536	6.461718	1.239624
2883.279809	35.815311	6.870834	1.064285
2883.283138	34.704849	6.520163	1.005844
2883.286473	34.471069	6.695499	1.473404
2883.289809	33.828171	6.052601	1.531845
2883.293138	33.185272	5.760374	1.298065
2883.296476	33.302162	5.935709	1.707184
2883.299833	33.126823	6.520163	1.590294
2883.303139	32.133255	5.877264	1.648743
2883.306479	32.016365	6.227936	1.707184
2883.309806	31.490356	5.935709	1.531845
2883.313179	30.905903	5.760374	1.473404
2883.316474	30.789013	6.111046	1.298065
2883.319831	30.905903	5.468147	1.940971
2883.323137	30.379894	5.585037	1.940971
2883.326474	29.912331	5.760374	1.473404
2883.329803	29.503216	5.468147	1.590294
2883.334019	29.386322	5.760374	1.590294
2883.337376	28.684978	5.585037	0.947395
2883.340251	28.860317	5.409702	1.882523
2883.343590	29.210987	5.059031	1.707184
2883.346922	28.684978	5.585037	1.064285
2883.349817	29.094097	5.760374	1.765633
2883.353141	28.392754	5.935709	1.707184
2883.356466	28.568089	5.468147	1.473404
2883.359800	28.042080	5.409702	1.122734
2883.363168	28.042080	5.701929	0.713615
2883.366474	27.808300	5.935709	1.239624
2883.369806	28.100525	5.643482	0.596725
2883.373136	28.158970	6.052601	1.356514
2883.376480	27.866745	6.169491	1.298065
2883.379800	27.925190	5.760374	2.174751
2883.383131	27.165398	5.643482	1.882523
2883.386468	27.866745	5.935709	1.181175
2883.389806	27.574520	5.643482	1.473404
2883.393129	27.282288	5.994156	1.064285
2883.396464	27.282288	6.286383	1.648743
2883.399796	27.632965	6.111046	1.356514
2883.404078	27.457626	5.935709	1.707184
2883.407447	27.106953	6.520163	2.116302
2883.410652	26.873173	6.111046	2.116302
2883.413553	27.165398	6.520163	1.999413
2883.416880	27.223843	6.169491	1.181175
2883.420245	27.516071	6.286383	1.356514
2883.423131	26.639389	6.929281	1.999413
2883.426461	26.756279	6.753944	2.116302
2883.429796	26.580944	6.695499	1.590294
2883.433124	27.106953	6.637054	1.882523
2883.436458	27.165398	6.227936	1.473404
2883.439796	27.399178	6.461718	2.116302
2883.443129	27.632965	7.046171	1.531845
2883.446459	27.223843	6.695499	1.531845
2883.449814	27.632965	6.520163	1.239624
2883.453130	27.340733	6.753944	1.414955
2883.456454	27.691410	6.344828	1.064285
2883.459791	27.399178	7.338398	1.473404
2883.463139	28.158970	7.104616	1.414955
2883.466462	28.275864	7.279953	1.064285
2883.469794	28.860317	7.455288	1.648743
2883.473124	28.626534	7.221508	1.473404
2883.477313	29.386322	7.805962	1.531845
2883.480643	29.912331	7.922853	0.888954
2883.483992	30.087669	8.098188	0.888954
2883.486891	29.853886	7.572180	1.473404
2883.490210	30.321449	8.331970	1.181175
2883.493596	30.087669	8.039743	0.830505
2883.496455	30.613674	8.448860	1.064285
2883.499792	30.905903	8.974869	-0.046173
2883.503123	31.315022	9.208651	0.304497
2883.506513	31.782581	8.974869	0.187607
2883.509789	32.133255	9.793104	0.304497
2883.513123	32.250145	10.085331	0.362938
2883.516450	33.126823	10.085331	0.421387
2883.519784	32.834599	10.143776	0.713615
2883.523121	33.185272	10.552893	0.421387
2883.526459	33.711277	10.552893	0.129158
2883.529784	34.178841	10.845119	0.129158
2883.533120	34.412621	11.137346	-0.455292
2883.536466	35.347748	11.838690	0.421387
2883.539784	35.172413	11.838690	0.304497
2883.543113	35.639973	11.312681	-0.455292
2883.546448	36.808884	12.364699	-0.338402
2883.550658	37.627121	12.072473	0.012268
2883.554009	37.919346	13.066044	-0.221512
2883.557372	37.744011	13.007598	-0.279953
2883.560237	39.088253	13.592052	-0.572182
2883.563543	39.964931	13.767387	0.012268
2883.566871	40.490940	14.468732	0.070717
2883.569785	40.783165	14.410286	-0.104622
2883.573117	41.835182	14.760959	-0.221512
2883.576451	42.302746	15.228521	-0.747520
2883.579829	43.179428	15.345411	-1.156639
2883.583117	43.646988	16.105202	-1.039749
2883.586441	44.640560	16.338982	-1.098190
2883.589778	45.575684	16.806545	-1.682640
2883.593127	45.926357	16.748100	-2.033318
2883.596448	46.744591	17.741671	-1.916420
2883.599778	47.329048	18.326126	-2.383987
2883.603109	48.614845	18.384571	-2.500877
2883.606442	49.842197	19.085915	-4.020462
2883.609779	50.309761	19.728813	-3.728233
2883.613111	51.595558	20.079487	-3.611340
2883.616445	52.939800	20.780830	-4.312687
2883.620724	55.569839	21.891293	-4.780247
2883.624008	56.504967	22.884863	-5.656929
2883.627296	57.498539	23.586206	-5.423149
2883.630193	59.193451	24.579777	-6.241383
2883.633528	60.070133	25.105785	-6.358276
2883.636865	61.765049	25.573349	-7.527184
2883.639772	62.758621	26.450029	-7.994743
2883.643107	64.102859	27.209818	-8.111633
2883.646439	65.213326	29.080070	-9.397430
2883.649771	68.486267	29.956751	-10.507889
2883.653106	69.187607	30.482758	-10.507889
2883.656446	71.057861	31.885447	-11.150791
2883.659794	72.577438	32.703682	-12.027470
2883.663104	74.038574	33.872589	-12.378143
2883.666438	76.084160	34.924606	-13.021042
2883.669797	77.895966	35.742840	-13.956169
2883.673118	79.298653	36.677967	-14.715961
2883.676435	81.052017	38.723553	-16.235538
2883.679776	82.805374	39.541786	-17.287556
2883.683100	84.850967	40.886032	-18.281128
2883.686436	86.779663	42.171829	-19.157806
2883.689770	89.117477	43.223846	-20.268269
2883.693948	93.033310	46.672119	-22.956753
2883.697314	95.429573	47.841026	-24.651669
2883.700651	98.118057	49.302162	-25.586792
2883.703595	100.105202	50.821739	-26.697258
2883.706882	102.852135	52.341320	-28.333725
2883.710212	105.423729	54.328461	-30.145531
2883.713116	107.819984	56.315605	-31.665112
2883.716431	110.976036	58.185856	-33.418472
2883.719769	113.255402	60.289890	-35.639397
2883.723094	115.885445	62.043251	-38.094101
2883.726435	119.099937	65.082413	-40.373466
2883.729760	122.314438	67.011108	-42.360611
2883.733096	125.470482	69.232025	-44.815315
2883.736428	128.042084	71.452957	-48.029808
2883.739761	131.607239	74.316772	-51.536530
2883.743099	135.172424	77.122147	-54.809471
2883.746470	138.854462	80.044418	-58.842201
2883.749761	142.594971	82.732910	-61.998249
2883.753099	146.101685	85.713615	-66.440094
2883.756428	149.783752	88.811218	-70.881943
2883.759766	153.348907	92.434830	-76.142029
2883.763093	157.556976	95.883118	-80.408539
2883.767361	165.096436	102.662766	-90.753365
2883.770696	168.836945	106.052597	-95.838104
2883.774016	172.811218	110.494446	-101.857986
2883.776854	176.785507	114.001175	-108.170082
2883.780188	179.707779	118.735245	-115.066635
2883.783530	183.623611	122.884857	-120.852722
2883.786427	187.948578	126.625366	-128.859741
2883.789797	191.104614	131.067215	-136.516083
2883.793089	195.254227	135.918167	-143.529510
2883.796429	198.760956	139.892456	-151.828766
2883.799758	201.917007	144.684982	-159.601990
2883.803089	205.189941	150.354187	-168.602570
2883.806421	207.878433	155.205139	-178.012268
2883.809760	210.274704	159.997665	-188.064880
2883.813090	213.080078	165.316177	-197.708359
2883.816423	215.534775	169.465805	-207.527176
2883.819758	217.697250	174.608994	-218.807129
2883.823085	218.807709	179.635284	-229.619522
2883.826425	220.677963	184.427811	-240.957932
2883.829760	221.729980	189.395676	-252.939224
2883.833105	222.548218	194.655762	-264.686737
2883.836420	222.723557	199.682053	-278.187622
2883.840610	221.203964	209.617767	-304.254242
2883.843941	219.859726	214.877853	-316.644653
2883.847266	218.281708	219.495026	-331.256012
2883.850173	216.294556	224.345993	-345.575104
2883.853513	212.670944	228.787827	-359.601990
2883.856840	208.462875	233.054352	-374.505554
2883.859745	204.196365	236.502625	-389.642914
2883.863087	198.059616	241.002930	-404.078918
2883.866419	192.215073	243.749832	-419.859131
2883.869746	184.091171	247.373474	-434.470490
2883.873081	175.675049	249.945053	-450.016937
2883.876440	166.265335	251.873764	-463.810059
2883.879753	156.563416	254.036240	-478.538300
2883.883085	145.692566	255.614258	-491.922272
2883.886415	132.951492	256.140259	-505.481598
2883.889743	119.801285	256.081818	-518.222656
2883.893082	106.125076	255.964935	-530.087036
2883.896417	91.630623	254.503799	-541.250122
2883.899748	76.434830	252.750427	-551.653442
2883.903079	59.193451	250.763306	-561.296875
2883.906413	42.244301	247.899460	-569.596191
2883.910614	7.819984	239.191101	-582.863281
2883.913968	-10.473404	234.457047	-587.538940
2883.917358	-28.825249	228.904724	-591.104004
2883.920240	-47.001755	223.118652	-592.565186
2883.923530	-65.002914	216.280533	-593.675659
2883.926851	-83.004089	209.033310	-593.324951
2883.929747	-100.771469	201.201630	-591.454712
2883.933081	-118.889542	193.253067	-588.240234
2883.936418	-135.546463	184.895386	-583.856812
2883.939744	-152.203400	176.011688	-577.778503
2883.943076	-168.100525	166.952652	-571.933960
2883.946404	-182.010529	158.419632	-564.569824
2883.949744	-197.381638	149.185272	-555.510864
2883.953079	-210.181198	139.483337	-545.808899
2883.956408	-222.571579	130.190536	-534.528931
2883.959741	-234.786667	120.371719	-523.307434
2883.963080	-245.774399	111.429581	-511.092346
2883.966409	-254.658096	102.662766	-498.818787
2883.969759	-264.184692	93.428406	-485.201050
2883.973075	-272.250122	84.194038	-471.524841
2883.976408	-279.614258	75.427231	-457.381042
2883.979738	-284.991211	67.595558	-442.535950
2883.984000	-295.043823	51.873756	-412.202820
2883.987337	-298.258301	44.509644	-396.656342
2883.990591	-300.654602	37.028637	-381.285217
2883.993495	-301.940369	30.424313	-366.030975
2883.996830	-303.518433	23.469316	-351.010529
2884.000163	-303.459961	17.624781	-335.347168
2884.003068	-302.291077	12.247808	-320.092957
2884.006437	-301.472839	6.403273	-306.884277
2884.009739	-299.777893	1.610754	-292.448273
2884.013078	-296.855652	-3.006428	-277.661621
2884.016403	-293.816467	-7.039158	-263.926941
2884.019736	-290.835754	-11.247223	-249.958511
2884.023068	-286.744568	-14.637054	-236.574509
2884.026394	-282.127380	-18.143776	-224.826996
2884.029739	-277.568665	-20.189362	-212.027481
2884.033064	-271.899475	-23.170074	-200.338394
2884.036437	-267.399170	-25.858559	-189.000000
2884.039733	-262.139099	-27.553478	-177.953827
2884.043068	-256.002319	-29.657509	-168.076569
2884.046400	-250.683823	-30.826416	-158.023956
2884.049756	-244.371719	-32.579777	-148.614258
2884.053065	-238.176498	-33.398010	-139.496796
2884.057253	-226.429001	-35.385151	-122.898308
2884.060622	-220.993576	-36.320286	-115.884865
2884.063935	-214.739914	-36.963177	-108.053192
2884.066884	-209.129166	-37.196957	-101.799538
2884.070175	-203.343094	-37.781414	-95.838104
2884.073517	-198.199905	-37.255405	-89.058449
2884.076402	-192.472244	-37.722973	-84.090591
2884.079732	-187.270599	-37.722973	-78.772064
2884.083064	-181.776733	-37.839863	-73.044418
2884.086401	-176.750443	-37.956753	-68.544128
2884.089734	-172.367050	-37.606083	-63.810055
2884.093096	-168.158981	-37.722973	-59.485100
2884.096391	-162.898895	-37.372303	-55.452370
2884.099735	-158.281708	-36.846287	-52.120987
2884.103062	-154.132080	-36.378727	-48.848045
2884.106390	-150.274704	-36.378727	-45.984222
2884.109728	-145.949753	-36.320286	-42.828175
2884.113061	-141.858551	-35.677383	-39.613678
2884.116393	-138.468735	-35.209820	-36.925194
2884.119728	-133.559326	-35.092930	-34.412041
2884.123059	-130.520172	-34.099354	-31.957336
2884.127735	-123.214493	-33.398010	-26.989483
2884.130677	-119.649323	-33.047340	-25.060783
2884.133998	-115.791946	-31.995323	-22.430744
2884.136861	-113.278778	-31.586208	-20.794277
2884.140150	-109.479828	-31.060196	-19.800705
2884.143509	-106.674454	-30.592636	-17.638229
2884.146394	-104.219757	-30.008183	-16.177090
2884.149724	-101.122147	-29.891293	-15.534195
2884.153051	-98.082993	-29.306839	-13.956169
2884.156389	-95.102280	-28.780834	-12.728821
2884.159726	-92.822906	-27.904148	-11.618355
2884.163054	-89.783752	-27.611927	-9.572765
2884.166390	-87.445938	-26.852135	-9.163651
2884.169721	-85.049683	-26.443012	-8.345417
2884.173051	-82.302750	-26.209232	-6.650497
2884.176390	-80.724731	-25.741669	-5.598484
2884.179716	-78.445358	-25.449444	-4.137352
2884.183054	-76.224442	-24.806545	-3.786682
2884.186388	-74.061951	-24.338982	-3.260670
2884.189721	-71.957916	-23.871418	-2.442436
2884.193053	-70.379898	-23.403854	-2.033318
2884.196397	-68.217422	-22.936295	-0.864410
2884.200572	-65.236694	-22.644070	-0.396843
2884.203892	-63.775574	-21.592049	0.129158
2884.207231	-62.139099	-21.358269	1.181175
2884.210145	-61.087082	-20.832260	1.181175
2884.213472	-59.275284	-21.182934	0.888954
2884.216815	-58.281708	-20.481590	1.765633
2884.219717	-56.703690	-19.897137	2.350082
2884.223063	-55.826996	-20.014027	2.233192
2884.226375	-54.774986	-19.546463	2.466972
2884.229711	-53.606079	-19.429573	2.525421
2884.233044	-52.554062	-18.845119	3.577438
2884.236375	-51.268265	-18.319111	2.992981
2884.239714	-50.099358	-18.436001	2.876091
2884.243046	-48.696671	-18.728230	3.694328
2884.246379	-48.170662	-18.085331	3.869659
2884.249712	-47.410873	-18.143776	3.343658
2884.253048	-46.300415	-17.676212	4.220337
2884.256381	-45.774399	-17.208649	3.986549
2884.259711	-44.897720	-17.617767	4.220337
2884.263048	-44.079483	-17.150204	3.986549
2884.266420	-42.910576	-17.091759	4.454117
2884.269714	-42.092346	-16.916424	4.629456
2884.273911	-40.981888	-16.039745	4.687897
2884.277257	-40.163651	-16.273525	4.395676
2884.280632	-39.696083	-15.689072	4.278778
2884.283528	-39.345406	-15.805962	4.161888
2884.286828	-38.351845	-15.747517	4.687897
2884.290164	-37.884285	-15.805962	4.337227
2884.293037	-37.767387	-15.513737	4.687897
2884.296378	-37.299820	-15.046173	5.447685
2884.299707	-36.364700	-14.987728	5.623024
2884.303042	-35.604904	-14.987728	5.097015
2884.306375	-35.429573	-14.344830	4.629456
2884.309754	-35.078903	-14.169491	5.155457
2884.313046	-34.085335	-14.052601	4.746346
2884.316378	-33.910004	-14.111046	6.149033
2884.319709	-33.910004	-13.818821	5.330795
2884.323042	-32.331970	-13.760376	4.629456
2884.326369	-31.922852	-13.000587	4.863235
2884.329705	-31.513733	-12.825249	5.856812
2884.333035	-31.104622	-13.059032	6.090591
2884.336367	-31.805969	-12.883694	5.213905
2884.339701	-31.104622	-12.942142	5.506134
2884.343039	-30.461716	-13.117477	5.447685
2884.347295	-29.351257	-12.357685	6.382812
2884.350640	-29.351257	-12.065456	5.389236
2884.353499	-29.760376	-12.416130	5.447685
2884.356795	-29.117477	-11.831676	5.272346
2884.360137	-29.585037	-12.474575	5.739922
2884.363469	-28.825249	-12.766800	5.739922
2884.366370	-28.474579	-12.007011	5.915253
2884.369697	-28.649918	-12.299240	5.564583
2884.373027	-28.240791	-12.182350	4.980125
2884.376364	-28.591469	-12.065456	5.097015
2884.379705	-27.773232	-11.597897	6.149033
2884.383030	-27.597900	-11.597897	5.447685
2884.386369	-27.188782	-12.123901	6.149033
2884.389694	-27.364120	-12.240795	5.798363
2884.393034	-26.838104	-11.948566	5.330795
2884.396384	-27.071884	-12.065456	5.038567
2884.399701	-26.662773	-12.123901	5.506134
2884.403056	-26.896553	-11.831676	5.915253
2884.406373	-26.428993	-11.831676	5.097015
2884.409700	-26.428993	-12.123901	5.681473
2884.413027	-26.487434	-12.357685	5.447685
2884.417211	-26.253654	-12.065456	5.272346
2884.420568	-26.370544	-12.123901	5.097015
2884.423897	-26.370544	-12.182350	5.564583
2884.426793	-26.019875	-12.007011	4.980125
2884.430116	-25.902977	-12.883694	4.863235
2884.433469	-25.786087	-12.240795	5.213905
2884.436360	-25.961426	-11.714787	4.863235
2884.439714	-26.136765	-11.773232	5.389236
2884.443029	-25.727646	-11.773232	4.980125
2884.446363	-25.669197	-11.831676	5.623024
2884.449700	-25.435417	-11.597897	5.389236
2884.453028	-26.195213	-11.948566	5.272346
2884.456362	-25.610756	-12.240795	5.447685
2884.459690	-26.195213	-12.182350	5.389236
2884.463027	-25.376976	-12.065456	5.739922
2884.466358	-25.260086	-11.831676	6.499702
2884.469696	-25.201637	-11.773232	6.207481
2884.473020	-25.201637	-12.182350	5.097015
2884.476359	-25.493866	-12.065456	5.330795
2884.479691	-25.552307	-12.299240	5.856812
2884.483063	-25.786087	-11.773232	5.506134
2884.486354	-25.435417	-12.182350	5.389236
2884.490562	-25.552307	-12.240795	4.921677
2884.493894	-25.786087	-13.059032	5.564583
2884.497286	-26.370544	-12.766800	4.980125
2884.500130	-26.545883	-12.533020	5.389236
2884.503460	-26.136765	-12.591465	5.389236
2884.506774	-26.487434	-13.000587	4.571007
2884.509689	-26.838104	-12.942142	5.623024
2884.513028	-27.188782	-13.000587	5.097015
2884.516360	-26.954994	-12.942142	4.863235
2884.519687	-27.188782	-12.942142	4.863235
2884.523018	-27.656342	-13.292812	5.038567
2884.526352	-27.773232	-13.585041	5.038567
2884.529686	-27.890121	-13.935711	5.038567
2884.533036	-27.831680	-13.585041	4.512566
2884.536352	-27.948570	-13.409702	4.337227
2884.539684	-28.708359	-13.935711	4.161888
2884.543013	-28.942139	-13.935711	3.752769
2884.546351	-29.234367	-14.812393	4.571007
2884.549684	-29.059029	-14.929283	5.155457
2884.553011	-29.526588	-14.578609	4.629456
2884.556351	-29.994156	-15.104618	5.623024
2884.559679	-30.111046	-15.221508	4.395676
2884.563944	-30.987724	-15.630627	5.389236
2884.567199	-31.279953	-15.513737	5.330795
2884.570149	-31.513733	-15.805962	5.447685
2884.573434	-32.390419	-16.682644	5.038567
2884.576775	-31.455292	-16.507305	4.980125
2884.579684	-32.390419	-16.974869	5.213905
2884.583018	-32.565750	-17.267094	5.623024
2884.586348	-33.208656	-17.617767	5.213905
2884.589681	-33.383987	-17.851547	4.921677
2884.593007	-33.617767	-17.968441	4.687897
2884.596344	-34.143784	-17.851547	4.103439
2884.599678	-34.260666	-18.377556	5.155457
2884.603007	-34.962013	-18.494446	5.506134
2884.606347	-35.546471	-18.552895	4.687897
2884.609683	-35.721802	-18.845119	4.746346
2884.613029	-36.072472	-19.488018	4.161888
2884.616397	-36.832260	-19.546463	4.395676
2884.619692	-36.715378	-19.604908	4.161888
2884.623011	-38.059616	-20.364697	3.811218
2884.626340	-38.234947	-20.598480	3.694328
2884.629673	-38.936295	-21.358269	3.752769
2884.633861	-40.397430	-21.884277	3.343658
2884.637179	-40.689659	-22.585621	3.460548
2884.640544	-42.150795	-23.111633	3.402100
2884.643434	-43.085922	-23.462303	3.343658
2884.646761	-43.202805	-23.812977	3.343658
2884.650118	-44.137932	-24.338982	3.226768
2884.653003	-45.131508	-24.572762	2.876091
2884.656362	-45.657516	-25.449444	2.759201
2884.659675	-46.534195	-25.624779	2.992981
2884.663005	-48.053764	-26.267681	2.174751
2884.666336	-48.638222	-27.436588	2.233192
2884.669669	-49.924026	-27.670368	1.824081
2884.673005	-50.683807	-28.722385	1.999413
2884.676339	-51.677383	-29.131504	1.473404
2884.679666	-52.963188	-30.417301	0.830505
2884.683006	-54.599655	-30.417301	0.655174
2884.686343	-55.651665	-31.644650	-0.046173
2884.689665	-57.112801	-32.813557	-0.630623
2884.693005	-58.340157	-33.807133	-0.805962
2884.696335	-59.450615	-33.807133	-1.156639
2884.699668	-60.853302	-34.859146	-1.857979
2884.703001	-62.548218	-35.911163	-2.325546
2884.707215	-64.769135	-37.781414	-2.383987
2884.710595	-66.464050	-38.950321	-3.552895
2884.713950	-66.931610	-39.768559	-3.903572
2884.716783	-68.977219	-40.645237	-4.371132
2884.720108	-70.964355	-42.047924	-5.773823
2884.723420	-72.191696	-43.099941	-6.124493
2884.726332	-74.295731	-44.444180	-6.475166
2884.729670	-75.581528	-45.846874	-7.059620
2884.733005	-77.451782	-47.132671	-8.754532
2884.736329	-79.614258	-47.834019	-9.806545
2884.739666	-82.010513	-49.587376	-10.507889
2884.742998	-83.646988	-50.756283	-10.917011
2884.746329	-86.452362	-52.158970	-12.027470
2884.749682	-88.322617	-53.853893	-13.196381
2884.752996	-90.601990	-55.665691	-14.306839
2884.756324	-92.939804	-57.243717	-15.884869
2884.759664	-95.511398	-59.347752	-17.053776
2884.762995	-97.089417	-61.159557	-18.865578
2884.766331	-99.485687	-62.854473	-20.911167
2884.769654	-102.349503	-64.958496	-21.086502
2884.772997	-105.388672	-67.471649	-23.424316
2884.776324	-108.544708	-69.867905	-25.469902
2884.780556	-114.447693	-74.134430	-29.619522
2884.783848	-117.895966	-76.764465	-31.723557
2884.786788	-120.759781	-79.277618	-35.054939
2884.790081	-124.675629	-82.082993	-37.509647
2884.793421	-127.422562	-85.648163	-40.957924
2884.796757	-131.163055	-88.102875	-43.997078
2884.799657	-135.078903	-91.609589	-47.562248
2884.802988	-138.527176	-95.116302	-51.127411
2884.806326	-142.267685	-98.038574	-54.634132
2884.809653	-145.774414	-101.603745	-59.309765
2884.812986	-150.157806	-105.227356	-63.926945
2884.816327	-153.839844	-108.967865	-69.420807
2884.819658	-157.697250	-112.649918	-73.921104
2884.823016	-161.554642	-117.325531	-79.765640
2884.826324	-166.347168	-120.481598	-85.317947
2884.829677	-169.503220	-125.098770	-90.928696
2884.832991	-173.594376	-128.897720	-97.649918
2884.836323	-177.218002	-133.514908	-103.669785
2884.839653	-181.659836	-137.722977	-110.566338
2884.842987	-185.867905	-142.632385	-117.229111
2884.846321	-189.023972	-147.775574	-125.177673
2884.850949	-196.680313	-157.126831	-142.828186
2884.853902	-200.420822	-161.977798	-151.127411
2884.857187	-204.511978	-167.062546	-161.004669
2884.860104	-207.258926	-172.381058	-171.174164
2884.863427	-210.298050	-177.641144	-181.343658
2884.866767	-214.272354	-182.667435	-191.922272
2884.869655	-217.077744	-188.453552	-203.494446
2884.873019	-219.123306	-193.304504	-215.475754
2884.876314	-221.694931	-198.856796	-227.573944
2884.879661	-223.331375	-204.000015	-240.607254
2884.882988	-225.493851	-209.318542	-254.166580
2884.886314	-226.896561	-214.052597	-268.251892
2884.889642	-227.071884	-219.429581	-282.921692
2884.892980	-228.065475	-224.514313	-297.123901
2884.896314	-228.240799	-229.949738	-312.904175
2884.899648	-226.838120	-234.566925	-329.151947
2884.902985	-225.318527	-239.768585	-345.691986
2884.906315	-223.389847	-244.911774	-361.998260
2884.909650	-220.642899	-248.944489	-379.005859
2884.912977	-216.201035	-253.620117	-396.305664
2884.916309	-211.876114	-256.834595	-413.897736
2884.919645	-206.732925	-261.276459	-432.892456
2884.923911	-193.348923	-267.413208	-467.959656
2884.927248	-183.997650	-268.932800	-485.668640
2884.930570	-174.587967	-270.686157	-502.793091
2884.933405	-165.178253	-272.848633	-520.209839
2884.936740	-153.664520	-273.842224	-535.873169
2884.940064	-142.267685	-273.666870	-551.770325
2884.942974	-128.007019	-272.381073	-566.498535
2884.946307	-114.097031	-271.036835	-579.648804
2884.949642	-98.725891	-268.582123	-592.331421
2884.952973	-82.770309	-266.185852	-603.552856
2884.956307	-67.048508	-262.796051	-614.189941
2884.959659	-50.040909	-258.704834	-623.833496
2884.962973	-31.747520	-254.847473	-631.139160
2884.966315	-14.097023	-249.295166	-637.918823
2884.969644	4.021034	-244.151978	-642.243774
2884.972970	22.781998	-237.722961	-645.224487
2884.976305	40.900055	-231.352417	-646.919312
2884.979636	59.661015	-223.520752	-648.146729
2884.982994	78.480423	-215.922852	-646.276489
2884.986310	96.832260	-208.850967	-642.945068
2884.989646	114.482758	-200.610184	-639.672119
2884.992972	131.198120	-192.603149	-633.418457
2884.997180	163.927521	-173.725311	-618.631836
2885.000486	179.064880	-165.192291	-609.280518
2885.003869	194.085327	-155.607254	-598.760376
2885.006725	207.995316	-146.606659	-587.655762
2885.010063	221.087082	-137.839859	-575.440674
2885.013419	232.600815	-128.897720	-562.758057
2885.016301	244.231445	-119.488022	-548.906494
2885.019632	254.634720	-110.838104	-534.236694
2885.022969	264.044434	-101.895966	-519.274658
2885.026308	271.759216	-93.362946	-503.436005
2885.029633	279.298645	-84.771484	-487.714203
2885.032970	286.078308	-76.647568	-472.109283
2885.036301	291.338379	-69.458801	-455.160126
2885.039634	296.540039	-61.451786	-439.204559
2885.042970	299.929871	-54.730564	-422.138519
2885.046334	302.209229	-47.424900	-404.780243
2885.049634	304.196381	-41.755695	-389.116913
2885.052969	304.839294	-35.443600	-372.576843
2885.056298	305.774414	-29.540619	-356.855042
2885.059637	305.189941	-24.222092	-340.724121
2885.062965	304.663940	-19.020454	-325.937469
2885.066298	302.501465	-14.403275	-295.896545
2885.070533	298.234924	-5.694916	-281.752777
2885.073886	294.611328	-2.363529	-268.777924
2885.076758	291.221497	1.143190	-255.277039
2885.080083	287.071899	4.240795	-242.068390
2885.083411	283.389832	7.513733	-229.794861
2885.086724	278.597290	9.909994	-217.404449
2885.089661	273.161865	12.423145	-206.124496
2885.092963	268.369385	14.936295	-195.721222
2885.096309	263.109283	16.338982	-184.558151
2885.099629	257.790771	18.150789	-174.739334
2885.102968	252.180023	19.202805	-165.388077
2885.106294	246.335464	20.313267	-156.387497
2885.109626	241.016953	21.482174	-148.731140
2885.112961	235.289307	22.475746	-140.139679
2885.116292	229.853882	23.527761	-133.418472
2885.119623	224.535355	24.579777	-125.002335
2885.122963	218.983047	24.872005	-118.222679
2885.126296	213.956757	25.047340	-111.735245
2885.129623	208.345993	25.339567	-105.540039
2885.132976	202.852127	26.450029	-100.513733
2885.136289	198.001175	26.099358	-94.961426
2885.140590	187.597900	26.683811	-84.324371
2885.143861	182.571594	26.742256	-79.824081
2885.147142	177.779083	28.203390	-75.908241
2885.150048	173.045013	27.443600	-71.817070
2885.153394	169.012268	27.092928	-68.251900
2885.156708	164.511978	27.268265	-63.400940
2885.159624	160.128571	27.209818	-59.718880
2885.162952	156.271179	27.326710	-55.861488
2885.166287	151.946228	27.209818	-53.874344
2885.169623	147.270599	26.742256	-50.367622
2885.172951	143.997665	26.333138	-47.328468
2885.176305	139.789597	26.391584	-44.581535
2885.179626	136.165985	26.333138	-41.425484
2885.182951	132.776154	25.865576	-38.853889
2885.186280	129.327881	25.573349	-37.217422
2885.189672	125.236702	24.521332	-34.645824
2885.192961	122.431328	24.462887	-32.892464
2885.196286	118.573929	24.287552	-32.132675
2885.199618	116.060783	23.703098	-29.093517
2885.202952	112.495621	23.936878	-27.281712
2885.206284	109.573349	22.709526	-25.469902
2885.209619	106.534187	22.826416	-23.248978
2885.213795	101.098770	21.774401	-20.852722
2885.217159	98.527176	21.715956	-19.625370
2885.220525	95.663353	21.306839	-18.222679
2885.223394	93.208649	20.371712	-17.170666
2885.226735	90.987724	20.488604	-15.300415
2885.230074	88.474579	19.787258	-14.715961
2885.232952	86.370544	19.378141	-14.248398
2885.236284	83.915840	19.027470	-12.904152
2885.239615	82.454704	18.735243	-12.027470
2885.242951	80.350670	18.501461	-10.741673
2885.246278	78.129745	18.267681	-9.981884
2885.249616	76.551727	18.033897	-9.280540
2885.252939	74.856812	17.858562	-8.929871
2885.256273	73.220337	16.689655	-8.111633
2885.259617	71.408531	16.806545	-7.527184
2885.262980	69.888954	16.514320	-7.468735
2885.266281	67.784920	16.046757	-6.416718
2885.269618	66.382233	15.754530	-6.124493
2885.272942	64.687317	15.462302	-6.475166
2885.276280	62.875511	15.111630	-5.656929
2885.279604	61.706604	14.877849	-5.072479
2885.282945	60.771477	14.760959	-4.488026
2885.287218	58.901226	14.644068	-3.786682
2885.290529	57.790764	13.942723	-3.786682
2885.293866	56.446522	13.884278	-3.143776
2885.296698	55.219170	13.650496	-3.085327
2885.300031	53.524254	13.884278	-2.909996
2885.303367	52.706020	13.767387	-2.442436
2885.306274	51.653999	13.124489	-2.734657
2885.309601	50.894211	13.007598	-2.851547
2885.312949	49.900642	12.773817	-2.383987
2885.316273	48.614845	12.598481	-1.799530
2885.319604	48.322617	12.130919	-1.215080
2885.322935	47.679718	12.423145	-1.331970
2885.326267	46.043251	12.247808	-1.916420
2885.329607	45.283459	12.014026	-1.039749
2885.332937	44.406776	11.604908	-1.565750
2885.336272	43.880772	11.429573	-0.338402
2885.339604	43.413208	12.072473	-1.273529
2885.342941	42.361191	11.955582	-0.396843
2885.346271	41.835182	11.195791	-0.221512
2885.349624	40.490940	10.845119	-0.221512
2885.352942	40.549385	11.897135	-0.163063
2885.357124	38.971359	10.728230	-0.689072
2885.360451	38.679134	10.669783	-0.513733
2885.363784	37.451782	10.202221	-0.572182
2885.366691	37.101112	10.377556	0.070717
2885.370029	36.750439	10.377556	-0.163063
2885.373350	36.107536	10.085331	0.304497
2885.376262	35.347748	9.968439	-0.104622
2885.379598	35.055523	9.851549	0.772064
2885.382937	34.880184	9.676212	0.772064
2885.386266	33.711277	9.559322	0.479836
2885.389647	33.477497	9.325541	0.596725
2885.392966	33.126823	10.085331	0.479836
2885.396267	33.360607	10.026884	0.362938
2885.399599	32.659264	9.676212	0.655174
2885.402930	32.600819	9.091759	0.246048
2885.406265	31.841026	9.559322	1.239624
2885.409598	31.841026	9.091759	0.362938
2885.412928	31.957920	9.091759	0.479836
2885.416260	30.847458	9.208651	0.713615
2885.419592	31.139683	9.208651	1.005844
2885.422933	30.496784	8.741087	0.947395
2885.426264	29.912331	9.208651	0.772064
2885.430467	29.912331	8.799532	1.298065
2885.433799	29.503216	8.916424	0.362938
2885.437238	29.327877	8.974869	0.070717
2885.440031	29.035652	9.325541	0.070717
2885.443354	29.035652	9.150204	0.713615
2885.446692	29.210987	9.325541	0.830505
2885.449590	29.152542	9.091759	0.655174
2885.452927	28.158970	8.857979	0.070717
2885.456263	28.100525	8.857979	0.129158
2885.459596	28.100525	8.741087	0.713615
2885.462927	28.100525	8.624197	0.012268
2885.466258	27.632965	8.741087	0.012268
2885.469592	27.866745	9.033314	0.362938
2885.472925	27.399178	8.624197	0.596725
2885.476254	27.457626	9.325541	1.181175
2885.479611	27.574520	8.974869	0.421387
2885.482922	27.048508	8.799532	1.473404
2885.486256	27.457626	8.974869	0.596725
2885.489588	27.516071	8.799532	0.713615
2885.492922	27.632965	8.974869	1.181175
2885.496252	27.106953	8.741087	0.187607
2885.499586	27.340733	8.390415	0.947395
2885.503838	27.048508	8.565752	1.473404
2885.507104	26.931618	8.390415	0.830505
2885.510439	27.106953	8.507305	1.239624
2885.513345	27.048508	8.273525	1.356514
2885.516679	27.048508	8.624197	1.707184
2885.520013	26.756279	8.857979	1.239624
2885.522961	27.399178	9.150204	1.064285
2885.526251	27.165398	8.682642	1.356514
2885.529584	27.223843	9.091759	0.538284
2885.532923	27.691410	9.208651	1.239624
2885.536249	27.282288	9.734657	0.479836
2885.539579	27.925190	9.383986	0.655174
2885.542926	27.749855	9.033314	1.414955
2885.546250	27.866745	10.143776	1.765633
2885.549583	27.925190	10.377556	1.531845
2885.552914	28.334309	10.143776	1.765633
2885.556253	28.451199	10.260666	0.947395
2885.559578	28.860317	10.260666	1.356514
2885.562920	29.035652	10.260666	0.888954
2885.566278	28.977207	10.260666	1.122734
2885.569579	29.327877	10.202221	1.005844
2885.572915	29.210987	10.728230	0.596725
2885.577124	29.912331	10.377556	0.713615
2885.580457	30.263004	11.195791	1.239624
2885.583829	30.496784	11.429573	0.538284
2885.586696	30.789013	11.546463	1.239624
2885.590045	30.438339	11.838690	0.772064
2885.592957	31.081238	11.312681	0.362938
2885.596253	31.490356	12.364699	1.414955
2885.599578	31.548801	12.773817	1.122734
2885.602907	31.373466	12.014026	0.362938
2885.606245	32.191700	12.306254	0.713615
2885.609610	32.659264	12.423145	0.012268
2885.612913	32.367035	13.241380	0.479836
2885.616253	32.425480	13.066044	0.830505
2885.619575	33.185272	13.475161	0.596725
2885.622913	33.535942	13.708942	0.596725
2885.626239	33.945061	14.234950	-0.046173
2885.629580	34.295731	14.527177	-0.338402
2885.632909	34.997074	15.170075	0.187607
2885.636244	35.581528	15.286966	0.070717
2885.639576	35.932201	15.228521	-0.513733
2885.642903	36.049091	15.579194	-0.338402
2885.647156	37.334892	15.988311	-0.279953
2885.650510	37.685562	16.572765	0.012268
2885.653887	38.153130	16.806545	0.246048
2885.656659	39.088253	17.507889	-0.396843
2885.660031	40.023376	17.274109	-0.747520
2885.663338	40.841614	18.735243	-0.689072
2885.666238	41.367622	18.501461	-0.864410
2885.669570	41.893631	19.202805	-0.689072
2885.672907	42.887199	19.319695	-1.273529
2885.676236	43.237869	20.137932	-1.624199
2885.679568	44.172997	20.663940	-1.565750
2885.682911	45.458794	20.839275	-1.448860
2885.686235	46.160141	21.131502	-1.682640
2885.689565	47.387489	22.183517	-1.974869
2885.692905	47.270599	22.417299	-2.267097
2885.696232	48.673290	23.995325	-2.208656
2885.699571	49.608414	24.053770	-2.968437
2885.702904	49.959087	24.638224	-3.026886
2885.706236	51.303329	24.638224	-3.903572
2885.709570	52.647575	25.164230	-4.312687
2885.712896	53.465809	26.391584	-4.020462
2885.716271	54.810051	26.508474	-4.429577
2885.720406	56.271187	29.080070	-5.014030
2885.723753	57.790764	30.015196	-6.066044
2885.727085	59.193451	30.833431	-5.890713
2885.729992	60.654587	31.476330	-6.533607
2885.733326	61.881939	33.112801	-6.533607
2885.736656	62.992401	33.697254	-7.176510
2885.739588	64.278198	34.457043	-7.877853
2885.742899	65.505554	35.099941	-8.812981
2885.746229	67.492691	36.327293	-8.812981
2885.749563	69.421387	37.613091	-9.631214
2885.752897	70.356514	38.781998	-10.741673
2885.756227	71.759201	39.483345	-11.033901
2885.759618	73.571007	40.769142	-11.618355
2885.762905	75.382812	41.938049	-12.670372
2885.766233	76.727058	43.106956	-13.956169
2885.769562	78.538864	44.860313	-13.839279
2885.772891	80.467560	45.853886	-14.891293
2885.776225	82.337814	47.198128	-15.592636
2885.779561	84.500290	48.367035	-17.755119
2885.782926	86.253654	50.178841	-17.696674
2885.786221	88.474579	51.523087	-18.924026
2885.789555	90.052597	53.802456	-19.742260
2885.793786	95.078903	56.607834	-23.774986
2885.797092	97.299820	59.237869	-25.411457
2885.800436	99.871414	60.582115	-26.054356
2885.803347	102.559906	62.335476	-28.625954
2885.806685	105.306839	64.497955	-30.087086
2885.809604	107.995323	67.069550	-32.074226
2885.812891	110.450027	69.115143	-33.827587
2885.816220	112.612503	70.810059	-36.165405
2885.819558	115.768555	73.907654	-38.269436
2885.822891	119.625946	76.713028	-41.600822
2885.826254	122.022202	78.700180	-43.821747
2885.829555	125.528931	81.622444	-46.685566
2885.832893	128.801880	84.369377	-49.257164
2885.836220	131.548798	87.876099	-52.179432
2885.839549	134.821747	91.324371	-55.744598
2885.842890	138.211578	93.369965	-59.485100
2885.846219	141.835175	97.285797	-63.225601
2885.849553	145.341904	100.792526	-67.550560
2885.852885	148.264160	104.416122	-72.635307
2885.856217	151.303329	108.156631	-76.960258
2885.859548	154.751602	111.663361	-80.992989
2885.863757	161.881943	119.728806	-90.870255
2885.867147	165.096436	124.287552	-96.714790
2885.870571	168.427826	128.203384	-102.267097
2885.873312	171.174744	132.528351	-108.637642
2885.876648	174.564575	136.736420	-114.891296
2885.879976	178.129745	141.119812	-120.794281
2885.882883	180.993561	145.853882	-127.924606
2885.886212	183.974274	151.055527	-135.347168
2885.889548	187.188782	156.257156	-143.120392
2885.892884	189.760376	161.049667	-151.010529
2885.896213	192.741089	165.316177	-158.842194
2885.899553	195.838684	170.634720	-167.375229
2885.902881	197.533615	176.303925	-177.135590
2885.906215	199.754532	181.505539	-186.603745
2885.909550	201.390991	186.707184	-196.597900
2885.912892	203.319687	191.499710	-206.533615
2885.916211	204.839279	197.168900	-216.878433
2885.919549	205.306839	202.545868	-228.275284
2885.922880	206.358856	208.507309	-239.730576
2885.926218	205.949738	213.767380	-251.653412
2885.929542	206.183517	219.202805	-263.400940
2885.932897	205.599075	224.871994	-276.025146
2885.937090	202.092331	234.749268	-302.091766
2885.940396	199.871414	240.886032	-314.832855
2885.943734	196.656937	245.386322	-329.035065
2885.946630	192.741089	250.704849	-343.003510
2885.949959	187.890121	254.620682	-356.270599
2885.953304	182.746933	258.828735	-370.355927
2885.956216	176.434830	263.329041	-384.207489
2885.959540	169.187607	266.952667	-398.409698
2885.962873	162.115723	269.758057	-411.852142
2885.966206	152.647583	273.323212	-426.580353
2885.969540	143.120972	275.427246	-438.970764
2885.972875	132.717712	277.472809	-452.062531
2885.976232	121.846878	278.992401	-464.394531
2885.979549	110.040909	279.635284	-475.557587
2885.982869	98.001167	280.511993	-486.837494
2885.986237	83.331383	279.810638	-498.059052
2885.989537	70.239624	278.933960	-507.001190
2885.992872	54.810051	278.057281	-516.001770
2885.996210	39.906487	275.836365	-523.424316
2885.999559	23.658676	273.381653	-530.788452
2886.002873	7.936878	270.284058	-536.925171
2886.006209	-8.544716	266.660431	-541.717651
2886.010416	-41.391006	256.783173	-548.672729
2886.013742	-57.872597	250.880173	-550.133789
2886.016688	-74.821747	245.327881	-550.192261
2886.019978	-90.777328	238.022217	-550.016968
2886.023317	-107.375793	231.417877	-548.789612
2886.026644	-123.740509	223.527756	-545.692017
2886.029559	-139.053177	215.696075	-541.834595
2886.032871	-154.424316	206.578613	-537.334351
2886.036199	-168.392746	198.104034	-531.781982
2886.039531	-181.659836	189.746338	-524.359436
2886.042871	-194.868484	180.102859	-517.696655
2886.046201	-207.025131	170.400940	-508.286987
2886.049536	-219.707779	161.341904	-499.870850
2886.052865	-230.286392	152.282883	-489.876678
2886.056199	-240.455856	142.171829	-478.538300
2886.059561	-249.456467	132.995911	-467.550537
2886.062862	-257.872559	123.060196	-455.569275
2886.066195	-265.412048	114.527176	-444.172424
2886.069536	-272.074829	105.234360	-430.788422
2886.072882	-277.451782	96.350677	-415.943298
2886.076192	-283.354736	87.817650	-402.968445
2886.080451	-290.251343	71.511398	-375.440704
