time (s)	det(V)
6628.583786	0.089365	
6628.585464	0.101382	
6628.587049	0.110635	
6628.588735	0.093712	
6628.590330	0.112963	
6628.591996	0.099025	
6628.593568	0.118917	
6628.595258	0.102981	
6628.596807	0.106522	
6628.598501	0.099347	
6628.600013	0.115130	
6628.601754	0.098582	
6628.603254	0.111424	
6628.605017	0.109035	
6628.606502	0.105680	
6628.608288	0.117862	
6628.609771	0.134591	
6628.611569	0.114748	
6628.613052	0.110993	
6628.614833	0.122103	
6628.616308	0.115412	
6628.618040	0.129117	
6628.619549	0.104459	
6628.621310	0.131820	
6628.622828	0.112069	
6628.624376	0.131308	
6628.625963	0.117769	
6628.627451	0.115513	
6628.629104	0.084499	
6628.630597	0.155990	
6628.632235	0.123840	
6628.633739	0.136750	
6628.635443	0.119110	
6628.636929	0.141584	
6628.638664	0.122365	
6628.640133	0.138922	
6628.641846	0.142398	
6628.643383	0.135816	
6628.645112	0.126970	
6628.646622	0.168510	
6628.648373	0.151204	
6628.649868	0.126249	
6628.651659	0.124565	
6628.653144	0.119143	
6628.654927	0.147176	
6628.656408	0.136638	
6628.658188	0.139788	
6628.659666	0.159933	
6628.661435	0.148795	
6628.662935	0.134273	
6628.664696	0.148070	
6628.666196	0.144589	
6628.667958	0.153657	
6628.669480	0.091319	
6628.671212	0.151506	
6628.672736	0.089373	
6628.674444	0.144976	
6628.675975	0.168340	
6628.677688	0.169078	
6628.679248	0.127731	
6628.680911	0.160018	
6628.682486	0.140654	
6628.684160	0.165416	
6628.685742	0.138442	
6628.687389	0.172844	
6628.688987	0.151417	
6628.690604	0.181255	
6628.692216	0.174149	
6628.693818	0.166701	
6628.695476	0.159373	
6628.696955	0.134925	
6628.698604	0.161766	
6628.700081	0.166761	
6628.701718	0.177477	
6628.703207	0.159277	
6628.704841	0.189554	
6628.706338	0.196877	
6628.708003	0.186391	
6628.709518	0.182278	
6628.711170	0.189231	
6628.712707	0.178742	
6628.714331	0.199713	
6628.715882	0.196116	
6628.717551	0.205860	
6628.719133	0.225410	
6628.720811	0.232926	
6628.722413	0.204789	
6628.724056	0.223416	
6628.725659	0.196950	
6628.727292	0.241446	
6628.728901	0.186883	
6628.730518	0.258321	
6628.732185	0.236129	
6628.733789	0.253878	
6628.735465	0.240121	
6628.737054	0.264521	
6628.738745	0.249265	
6628.740324	0.284288	
6628.741994	0.264102	
6628.743577	0.279784	
6628.745267	0.272344	
6628.746832	0.288018	
6628.748543	0.281496	
6628.750090	0.295341	
6628.751796	0.293984	
6628.753304	0.308300	
6628.755047	0.276880	
6628.756532	0.280130	
6628.758302	0.309295	
6628.759793	0.302165	
6628.761581	0.316712	
6628.763063	0.305033	
6628.764844	0.341760	
6628.766323	0.326271	
6628.767922	0.330408	
6628.769456	0.309030	
6628.771013	0.316353	
6628.772621	0.326206	
6628.774103	0.337292	
6628.775738	0.349434	
6628.777292	0.357869	
6628.778910	0.346976	
6628.780411	0.380810	
6628.782097	0.363178	
6628.783571	0.360934	
6628.785297	0.344982	
6628.786885	0.372415	
6628.788585	0.392118	
6628.790141	0.409959	
6628.791872	0.387525	
6628.793419	0.400247	
6628.795122	0.400061	
6628.796647	0.399747	
6628.798383	0.396255	
6628.799870	0.401093	
6628.801624	0.402603	
6628.803110	0.403679	
6628.804893	0.415011	
6628.806371	0.421967	
6628.808155	0.421814	
6628.809631	0.443608	
6628.811409	0.425819	
6628.812908	0.412920	
6628.814638	0.440288	
6628.816151	0.423394	
6628.817899	0.457558	
6628.819417	0.427974	
6628.821129	0.459673	
6628.822675	0.449606	
6628.824362	0.469981	
6628.825916	0.460523	
6628.827618	0.481949	
6628.829185	0.461578	
6628.830862	0.492359	
6628.832450	0.471403	
6628.834131	0.496504	
6628.835718	0.475162	
6628.837363	0.496596	
6628.838962	0.486417	
6628.840497	0.507867	
6628.842119	0.508468	
6628.843603	0.533415	
6628.845265	0.530511	
6628.846737	0.529782	
6628.848386	0.533423	
6628.849863	0.532750	
6628.851563	0.541923	
6628.853045	0.536835	
6628.854741	0.556679	
6628.856235	0.558765	
6628.857918	0.579415	
6628.859451	0.604608	
6628.861169	0.605727	
6628.862705	0.590875	
6628.864414	0.615444	
6628.865953	0.617917	
6628.867628	0.625221	
6628.869186	0.609603	
6628.870864	0.643867	
6628.872444	0.610066	
6628.874104	0.647187	
6628.875701	0.633213	
6628.877339	0.658821	
6628.878938	0.665109	
6628.880563	0.678688	
6628.882175	0.618892	
6628.883781	0.670676	
6628.885457	0.649664	
6628.887048	0.676171	
6628.888719	0.654095	
6628.890290	0.692014	
6628.891972	0.674108	
6628.893548	0.695841	
6628.895231	0.679051	
6628.896785	0.680453	
6628.898499	0.704220	
6628.900039	0.695897	
6628.901745	0.668126	
6628.903224	0.683043	
6628.904987	0.683087	
6628.906471	0.681238	
6628.908245	0.684550	
6628.909731	0.659538	
6628.911512	0.666902	
6628.913006	0.667739	
6628.914608	0.680332	
6628.916129	0.651828	
6628.917696	0.630647	
6628.919278	0.645588	
6628.920779	0.637092	
6628.922415	0.608660	
6628.923985	0.631642	
6628.925587	0.621450	
6628.927116	0.645624	
6628.928804	0.614135	
6628.930280	0.627948	
6628.932004	0.605611	
6628.933558	0.599806	
6628.935231	0.602046	
6628.936778	0.600773	
6628.938477	0.590827	
6628.940025	0.588837	
6628.941745	0.583193	
6628.943264	0.572147	
6628.945024	0.555212	
6628.946505	0.546761	
6628.948284	0.538837	
6628.949767	0.526055	
6628.951533	0.528895	
6628.953014	0.536275	
6628.954782	0.517886	
6628.956281	0.498715	
6628.958065	0.508854	
6628.959557	0.507517	
6628.961317	0.491081	
6628.962821	0.478912	
6628.964557	0.501160	
6628.966083	0.474630	
6628.967809	0.472201	
6628.969345	0.439068	
6628.971052	0.462960	
6628.972595	0.403123	
6628.974281	0.453542	
6628.975832	0.403941	
6628.977508	0.431478	
6628.979088	0.456547	
6628.980762	0.427696	
6628.982369	0.400549	
6628.984009	0.397467	
6628.985622	0.381338	
6628.987141	0.373716	
6628.988787	0.360290	
6628.990269	0.354711	
6628.991911	0.354944	
6628.993406	0.375469	
6628.995038	0.349397	
6628.996535	0.337292	
6628.998256	0.325940	
6628.999736	0.337151	
6629.001448	0.324160	
6629.002924	0.301227	
6629.004602	0.297972	
6629.006117	0.277069	
6629.007829	0.280771	
6629.009357	0.227234	
6629.011056	0.261181	
6629.012599	0.250518	
6629.014293	0.241583	
6629.015859	0.237261	
6629.017540	0.223955	
6629.019113	0.216157	
6629.020779	0.202968	
6629.022363	0.144183	
6629.024016	0.188047	
6629.025620	0.157545	
6629.027240	0.160320	
6629.028864	0.107573	
6629.030493	0.125636	
6629.032155	0.094654	
6629.033768	0.084354	
6629.035421	0.064938	
6629.037020	0.066130	
6629.038695	0.044490	
6629.040274	0.050705	
6629.041966	0.039479	
6629.043520	0.037368	
6629.045227	-0.005514	
6629.046775	-0.011661	
6629.048460	-0.014477	
6629.050006	-0.040733	
6629.051746	-0.053153	
6629.053245	-0.052029	
6629.055007	-0.066579	
6629.056483	-0.079458	
6629.058119	-0.086193	
6629.059605	-0.084485	
6629.061189	-0.124039	
6629.062731	-0.123443	
6629.064267	-0.134899	
6629.065850	-0.149699	
6629.067416	-0.156705	
6629.069032	-0.163057	
6629.070569	-0.151174	
6629.072196	-0.191759	
6629.073691	-0.181705	
6629.075385	-0.181124	
6629.076973	-0.187352	
6629.078629	-0.216795	
6629.080202	-0.198587	
6629.081916	-0.244164	
6629.083470	-0.250625	
6629.085188	-0.257707	
6629.086740	-0.267717	
6629.088445	-0.252031	
6629.089972	-0.271870	
6629.091716	-0.261904	
6629.093230	-0.274904	
6629.095009	-0.278557	
6629.096489	-0.282018	
6629.098279	-0.306280	
6629.099761	-0.332078	
6629.101554	-0.312033	
6629.103047	-0.316834	
6629.104818	-0.333036	
6629.106299	-0.334849	
6629.108110	-0.345685	
6629.109590	-0.322152	
6629.111363	-0.362475	
6629.112855	-0.369098	
6629.114596	-0.358604	
6629.116110	-0.393360	
6629.117826	-0.366967	
6629.119354	-0.402791	
6629.121059	-0.386287	
6629.122609	-0.431066	
6629.124296	-0.397284	
6629.125850	-0.438848	
6629.127518	-0.410449	
6629.129109	-0.450365	
6629.130601	-0.439831	
6629.132242	-0.456815	
6629.133760	-0.454365	
6629.135406	-0.470724	
6629.136888	-0.458265	
6629.138545	-0.492018	
6629.140016	-0.491502	
6629.141697	-0.466801	
6629.143186	-0.481786	
6629.144883	-0.489033	
6629.146366	-0.491732	
6629.148061	-0.489521	
6629.149550	-0.505005	
6629.151294	-0.504526	
6629.152811	-0.517485	
6629.154566	-0.501992	
6629.156082	-0.526102	
6629.157822	-0.504586	
6629.159346	-0.527201	
6629.161056	-0.515257	
6629.162610	-0.557651	
6629.164314	-0.513005	
6629.165873	-0.528559	
6629.167572	-0.514742	
6629.169139	-0.516998	
6629.170809	-0.513054	
6629.172398	-0.524176	
6629.174053	-0.516720	
6629.175648	-0.519374	
6629.177273	-0.514992	
6629.178895	-0.529079	
6629.180509	-0.504494	
6629.182166	-0.527016	
6629.183770	-0.501996	
6629.185425	-0.540313	
6629.187030	-0.513791	
6629.188713	-0.517985	
6629.190286	-0.487096	
6629.191990	-0.487180	
6629.193546	-0.477488	
6629.195237	-0.497686	
6629.196799	-0.462301	
6629.198488	-0.482918	
6629.200054	-0.471470	
6629.201783	-0.473105	
6629.203266	-0.489633	
6629.204906	-0.474644	
6629.206388	-0.449576	
6629.207983	-0.444073	
6629.209493	-0.424628	
6629.211067	-0.426989	
6629.212615	-0.454321	
6629.214251	-0.413804	
6629.215825	-0.425079	
6629.217420	-0.402561	
6629.219033	-0.404124	
6629.220588	-0.380458	
6629.222214	-0.421220	
6629.223828	-0.382798	
6629.225463	-0.396591	
6629.227074	-0.360332	
6629.228717	-0.368582	
6629.230304	-0.338136	
6629.231968	-0.344050	
6629.233532	-0.329951	
6629.235246	-0.337210	
6629.236798	-0.320186	
6629.238493	-0.335945	
6629.240057	-0.311799	
6629.241767	-0.322470	
6629.243297	-0.323227	
6629.245037	-0.313209	
6629.246543	-0.301418	
6629.248302	-0.307557	
6629.249787	-0.296838	
6629.251557	-0.282880	
6629.253032	-0.288592	
6629.254800	-0.275137	
6629.256275	-0.273035	
6629.258058	-0.263363	
6629.259560	-0.273800	
6629.261338	-0.273325	
6629.262830	-0.287907	
6629.264565	-0.259310	
6629.266077	-0.267963	
6629.267795	-0.263500	
6629.269324	-0.237755	
6629.271018	-0.250758	
6629.272567	-0.251455	
6629.274249	-0.233682	
6629.275843	-0.242000	
6629.277337	-0.237195	
6629.278970	-0.219720	
6629.280495	-0.231777	
6629.282142	-0.259769	
6629.283626	-0.215003	
6629.285324	-0.217327	
6629.286803	-0.206873	
6629.288534	-0.211699	
6629.290008	-0.210080	
6629.291723	-0.198136	
6629.293206	-0.215466	
6629.294909	-0.175432	
6629.296389	-0.179694	
6629.298151	-0.199296	
6629.299639	-0.174159	
6629.301428	-0.165527	
6629.302920	-0.182780	
6629.304676	-0.156946	
6629.306176	-0.187912	
6629.307913	-0.147931	
6629.309432	-0.187574	
6629.311163	-0.153893	
6629.312686	-0.152398	
6629.314403	-0.139621	
6629.315947	-0.152233	
6629.317638	-0.137022	
6629.319184	-0.126762	
6629.320865	-0.114496	
6629.322432	-0.114303	
6629.324100	-0.113070	
6629.325691	-0.119608	
6629.327346	-0.104405	
6629.328941	-0.096095	
6629.330578	-0.097557	
6629.332210	-0.099627	
6629.333841	-0.086165	
6629.335480	-0.105352	
6629.337095	-0.072162	
6629.338777	-0.115177	
6629.340349	-0.066055	
6629.342024	-0.099728	
6629.343604	-0.056903	
6629.345296	-0.073190	
6629.346874	-0.042570	
6629.348538	-0.069572	
6629.350012	-0.065036	
6629.351660	-0.060851	
6629.353158	-0.047714	
6629.354791	-0.048013	
6629.356294	-0.093287	
6629.357962	-0.023947	
6629.359464	-0.034574	
6629.361115	-0.030425	
6629.362639	-0.013059	
6629.364250	-0.032600	
6629.365801	-0.039541	
6629.367486	-0.010529	
6629.369069	-0.018316	
6629.370709	-0.007564	
6629.372310	-0.014465	
6629.373943	-0.014287	
6629.375547	-0.006646	
6629.377172	-0.001260	
6629.378799	-0.042905	
6629.380406	0.007530	
6629.382042	-0.031899	
6629.383639	-0.020890	
6629.385319	-0.027271	
6629.386898	0.021492	
6629.388591	-0.014453	
6629.390155	0.000936	
6629.391860	-0.014481	
6629.393406	0.015023	
6629.395115	-0.008245	
6629.396652	0.021174	
6629.398394	-0.018356	
6629.399909	-0.009329	
6629.401640	-0.014880	
6629.403118	0.017291	
6629.404914	0.035841	
6629.406402	0.009476	
6629.408188	0.010696	
6629.409686	0.012549	
6629.411471	0.008593	
6629.412951	0.008674	
6629.414713	0.003393	
6629.416200	0.015711	
6629.417947	0.012976	
6629.419452	0.001222	
6629.421003	0.021299	
6629.422599	-0.012592	
6629.424082	-0.000188	
6629.425733	0.010144	
6629.427224	0.013540	
6629.428854	0.006805	
6629.430377	0.021822	
6629.432076	-0.000055	
6629.433548	0.020678	
6629.435250	0.013778	
6629.436731	0.028095	
6629.438447	0.028683	
6629.439996	0.007300	
6629.441714	0.035289	
6629.443219	0.016642	
6629.444984	0.025009	
6629.446463	0.019007	
6629.448245	0.036159	
6629.449740	0.015768	
6629.451512	0.008646	
6629.453000	0.027329	
6629.454777	0.024106	
6629.456252	0.016723	
6629.458015	0.025661	
6629.459509	0.022568	
6629.461242	0.041041	
6629.462750	0.012042	
6629.464469	0.050842	
6629.465987	0.010253	
6629.467691	0.034818	
6629.469247	0.042488	
6629.470956	0.052865	
6629.472497	0.010958	
6629.474172	0.056800	
6629.475745	0.010845	
6629.477430	0.044204	
6629.479008	0.035144	
6629.480659	0.062875	
6629.482270	0.032010	
6629.483901	0.055801	
6629.485496	0.071556	
6629.487114	0.054492	
6629.488742	0.051124	
6629.490355	0.082469	
6629.492020	0.051648	
6629.493500	0.060454	
6629.495148	0.056837	
6629.496631	0.062754	
6629.498255	0.051447	
6629.499735	0.030858	
6629.501380	0.043579	
6629.502868	0.041928	
6629.504549	0.061509	
6629.506076	0.057227	
6629.507715	0.088656	
6629.509256	0.056410	
6629.510865	0.075447	
6629.512445	0.047016	
6629.514102	0.068361	
6629.515680	0.046733	
6629.517332	0.076559	
6629.518917	0.064563	
6629.520557	0.077957	
6629.522180	0.066702	
6629.523793	0.079609	
6629.525442	0.080354	
6629.527040	0.083029	
6629.528724	0.074601	
6629.530341	0.080873	
6629.531990	0.042081	
6629.533574	0.078428	
6629.535263	0.063451	
6629.536833	0.077095	
6629.538537	0.064579	
6629.540084	0.087170	
6629.541791	0.062541	
6629.543357	0.090920	
6629.545042	0.062202	
6629.546572	0.064257	
6629.548324	0.040163	
6629.549808	0.061767	
6629.551589	0.078614	
6629.553070	0.065244	
6629.554863	0.058158	
6629.556354	0.076430	
6629.558122	0.094199	
6629.559598	0.094062	
6629.561345	0.077643	
6629.562848	0.072716	
6629.564599	0.091363	
6629.566104	0.070742	
6629.567680	0.075713	
6629.569255	0.018712	
6629.570749	0.045803	
6629.572418	0.054593	
6629.573906	0.057779	
6629.575541	0.076515	
6629.577064	0.075032	
6629.578753	0.071206	
6629.580232	0.080314	
6629.581953	0.059987	
6629.583428	0.084052	
6629.585129	0.060531	
6629.586681	0.079786	
6629.588366	0.061477	
6629.589879	0.064309	
6629.591631	0.071753	
6629.593123	0.074029	
6629.594908	0.074021	
6629.596391	0.081881	
6629.598165	0.085256	
6629.599642	0.074706	
6629.601429	0.074904	
6629.602910	0.079754	
6629.604672	0.090046	
6629.606180	0.084431	
6629.607935	0.106909	
6629.609436	0.086948	
6629.611154	0.097361	
6629.612681	0.092532	
6629.614390	0.096439	
6629.615924	0.095468	
6629.617633	0.097841	
6629.619184	0.095746	
6629.620888	0.107074	
6629.622458	0.096943	
6629.624145	0.114236	
6629.625721	0.105313	
6629.627380	0.114337	
6629.628969	0.089192	
6629.630624	0.117008	
6629.632235	0.116758	
6629.633866	0.119997	
6629.635502	0.110566	
6629.637129	0.126120	
6629.638788	0.091102	
6629.640284	0.113306	
6629.641914	0.106679	
6629.643398	0.122305	
6629.645029	0.111505	
6629.646526	0.117898	
6629.648166	0.118635	
6629.649651	0.124738	
6629.651344	0.108439	
6629.652835	0.109539	
6629.654523	0.130265	
6629.656039	0.128456	
6629.657679	0.127183	
6629.659222	0.122337	
6629.660903	0.125342	
6629.662459	0.074549	
6629.664132	0.140041	
6629.665718	0.133439	
6629.667388	0.139542	
6629.668967	0.112198	
6629.670612	0.141669	
6629.672209	0.114579	
6629.673841	0.136928	
6629.675467	0.140376	
6629.677077	0.145250	
6629.678751	0.134652	
6629.680354	0.151566	
6629.682017	0.108975	
6629.683611	0.129044	
6629.685285	0.107251	
6629.686861	0.133765	
6629.688554	0.115755	
6629.690101	0.133101	
6629.691820	0.119308	
6629.693370	0.158697	
6629.695067	0.126446	
6629.696598	0.140754	
6629.698334	0.131070	
6629.699827	0.139574	
6629.701608	0.144529	
6629.703088	0.156324	
6629.704865	0.165931	
6629.706348	0.133415	
6629.708101	0.150922	
6629.709585	0.136629	
6629.711169	0.109092	
6629.712711	0.136331	
6629.714249	0.162685	
6629.715856	0.154157	
6629.717356	0.129387	
6629.718992	0.140573	
6629.720549	0.161766	
6629.722175	0.146471	
6629.723690	0.172892	
6629.725380	0.130329	
6629.726858	0.193687	
6629.728581	0.138362	
6629.730160	0.166278	
6629.731864	0.155659	
6629.733423	0.167458	
6629.735141	0.154213	
6629.736679	0.176921	
6629.738385	0.174580	
6629.739900	0.179531	
6629.741627	0.183068	
6629.743115	0.194758	
6629.744886	0.193002	
6629.746373	0.206098	
6629.748136	0.207387	
6629.749614	0.192595	
6629.751403	0.195201	
6629.752880	0.175305	
6629.754633	0.211141	
6629.756134	0.231859	
6629.757897	0.216620	
6629.759411	0.239315	
6629.761161	0.239577	
6629.762681	0.225804	
6629.764402	0.241757	
6629.765937	0.231641	
6629.767646	0.248335	
6629.769198	0.248532	
6629.770912	0.264505	
6629.772477	0.256496	
6629.774178	0.274692	
6629.775734	0.256649	
6629.777418	0.284280	
6629.778995	0.260073	
6629.780648	0.285254	
6629.782245	0.277266	
6629.783765	0.255110	
6629.785415	0.277705	
6629.786896	0.279788	
6629.788530	0.294661	
6629.790002	0.304461	
6629.791645	0.306729	
6629.793126	0.286664	
6629.794837	0.303901	
6629.796318	0.321686	
6629.798000	0.324720	
6629.799496	0.316957	
6629.801125	0.331818	
6629.802656	0.327878	
6629.804393	0.353228	
6629.805921	0.342658	
6629.807636	0.345591	
6629.809184	0.349861	
6629.810871	0.365188	
6629.812423	0.341119	
6629.814114	0.365716	
6629.815690	0.367291	
6629.817354	0.373998	
6629.818953	0.355122	
6629.820614	0.379138	
6629.822213	0.341893	
6629.823847	0.389665	
6629.825457	0.374615	
6629.827073	0.385262	
6629.828750	0.370715	
6629.830338	0.401709	
6629.831993	0.371867	
6629.833587	0.378566	
6629.835253	0.389004	
6629.836838	0.408058	
6629.838525	0.380967	
6629.840088	0.396799	
6629.841798	0.418370	
6629.843338	0.413516	
6629.845035	0.415772	
6629.846550	0.422310	
6629.848304	0.417585	
6629.849784	0.419760	
6629.851541	0.429488	
6629.853036	0.442625	
6629.854832	0.438282	
6629.856309	0.421815	
6629.857940	0.437501	
6629.859444	0.440264	
6629.861027	0.442834	
6629.862577	0.464297	
6629.864097	0.470706	
6629.865705	0.487730	
6629.867282	0.488604	
6629.868902	0.486396	
6629.870446	0.490199	
6629.872098	0.477002	
6629.873591	0.500423	
6629.875295	0.495799	
6629.876897	0.529681	
6629.878545	0.501704	
6629.880117	0.532203	
6629.881797	0.523530	
6629.883350	0.533121	
6629.885061	0.527727	
6629.886593	0.551373	
6629.888320	0.578331	
6629.889820	0.568538	
6629.891572	0.575229	
6629.893054	0.592402	
6629.894827	0.591866	
6629.896318	0.602021	
6629.898100	0.597179	
6629.899583	0.593787	
6629.901365	0.615206	
6629.902839	0.646687	
6629.904591	0.638506	
6629.906099	0.629265	
6629.907809	0.645020	
6629.909332	0.636016	
6629.911049	0.648625	
6629.912583	0.630360	
6629.914301	0.666829	
6629.915848	0.647570	
6629.917542	0.667961	
6629.919098	0.655606	
6629.920781	0.684014	
6629.922345	0.678306	
6629.923992	0.682261	
6629.925586	0.680134	
6629.927234	0.689263	
6629.928830	0.668892	
6629.930348	0.672734	
6629.931984	0.683406	
6629.933473	0.663357	
6629.935111	0.665641	
6629.936598	0.688683	
6629.938241	0.676755	
6629.939745	0.672062	
6629.941459	0.678056	
6629.942944	0.662112	
6629.944630	0.676706	
6629.946120	0.665665	
6629.947784	0.682137	
6629.949304	0.645378	
6629.951031	0.658293	
6629.952562	0.650877	
6629.954275	0.654792	
6629.955832	0.610469	
6629.957518	0.644540	
6629.959082	0.641358	
6629.960748	0.642220	
6629.962324	0.621817	
6629.963984	0.629777	
6629.965575	0.623484	
6629.967220	0.609172	
6629.968832	0.570758	
6629.970458	0.601530	
6629.972098	0.564385	
6629.973724	0.580365	
6629.975364	0.553714	
6629.976969	0.582480	
6629.978641	0.568864	
6629.980213	0.568244	
6629.981920	0.537754	
6629.983491	0.556630	
6629.985178	0.513672	
6629.986742	0.551011	
6629.988458	0.501547	
6629.990018	0.485692	
6629.991729	0.498514	
6629.993269	0.500914	
6629.995013	0.486292	
6629.996522	0.498119	
6629.998291	0.498490	
6629.999777	0.486203	
6630.001529	0.471326	
6630.003022	0.468752	
6630.004634	0.445473	
6630.006148	0.464978	
6630.007728	0.450859	
6630.009266	0.448317	
6630.010805	0.404219	
6630.012401	0.401206	
6630.013979	0.421895	
6630.015575	0.422169	
6630.017128	0.425388	
6630.018747	0.393665	
6630.020273	0.399449	
6630.021990	0.393358	
6630.023579	0.407683	
6630.025265	0.366014	
6630.026829	0.378925	
6630.028530	0.353140	
6630.030109	0.361527	
6630.031773	0.347395	
6630.033313	0.346916	
6630.035028	0.323290	
6630.036554	0.345865	
6630.038297	0.325900	
6630.039793	0.315717	
6630.041530	0.314435	
6630.043012	0.285996	
6630.044789	0.264496	
6630.046278	0.275300	
6630.048051	0.262933	
6630.049537	0.244661	
6630.051303	0.218634	
6630.052794	0.228580	
6630.054534	0.229700	
6630.056044	0.189682	
6630.057786	0.186416	
6630.059311	0.166959	
6630.061039	0.168252	
6630.062589	0.163962	
6630.064322	0.146253	
6630.065862	0.147035	
6630.067562	0.120645	
6630.069113	0.111191	
6630.070806	0.109438	
6630.072371	0.080342	
6630.074027	0.079415	
6630.075641	0.030544	
6630.077124	0.046576	
6630.078773	0.002293	
6630.080263	0.017790	
6630.081902	0.016235	
6630.083377	-0.035791	
6630.085015	-0.007194	
6630.086493	-0.021921	
6630.088214	-0.039179	
6630.089707	-0.055695	
6630.091416	-0.059026	
6630.092904	-0.074753	
6630.094590	-0.067816	
6630.096089	-0.089049	
6630.097827	-0.097331	
6630.099342	-0.111475	
6630.101082	-0.101400	
6630.102608	-0.128966	
6630.104325	-0.113489	
6630.105873	-0.126960	
6630.107588	-0.138098	
6630.109131	-0.187465	
6630.110822	-0.154401	
6630.112389	-0.198120	
6630.114056	-0.164238	
6630.115629	-0.200831	
6630.117278	-0.199445	
6630.118880	-0.183360	
6630.120499	-0.204448	
6630.122135	-0.190800	
6630.123760	-0.216634	
6630.125370	-0.262130	
6630.126971	-0.233150	
6630.128629	-0.274461	
6630.130220	-0.252063	
6630.131913	-0.272442	
6630.133484	-0.273075	
6630.135177	-0.275089	
6630.136754	-0.270920	
6630.138425	-0.289071	
6630.139969	-0.308069	
6630.141665	-0.296798	
6630.143182	-0.296741	
6630.144941	-0.324512	
6630.146433	-0.313636	
6630.147991	-0.317721	
6630.149506	-0.351530	
6630.151095	-0.349154	
6630.152632	-0.383322	
6630.154168	-0.353891	
6630.155748	-0.381948	
6630.157333	-0.374806	
6630.158935	-0.397779	
6630.160484	-0.388841	
6630.162105	-0.407798	
6630.163614	-0.377485	
6630.165321	-0.411871	
6630.166798	-0.403737	
6630.168529	-0.441362	
6630.170111	-0.409236	
6630.171798	-0.427988	
6630.173357	-0.430437	
6630.175071	-0.441970	
6630.176615	-0.410247	
6630.178317	-0.428217	
6630.179821	-0.463747	
6630.181558	-0.452673	
6630.183042	-0.470056	
6630.184824	-0.475256	
6630.186308	-0.508562	
6630.188067	-0.472593	
6630.189559	-0.484256	
6630.191336	-0.504260	
6630.192811	-0.501670	
6630.194586	-0.486431	
6630.196082	-0.523362	
6630.197814	-0.490217	
6630.199325	-0.511076	
6630.201051	-0.499454	
6630.202588	-0.504562	
6630.204312	-0.499092	
6630.205856	-0.490048	
6630.207555	-0.498069	
6630.209108	-0.505380	
6630.210785	-0.494479	
6630.212356	-0.528015	
6630.214005	-0.494874	
6630.215584	-0.487261	
6630.217213	-0.503229	
6630.218824	-0.500538	
6630.220340	-0.507032	
6630.221989	-0.491905	
6630.223471	-0.473367	
6630.225106	-0.482294	
6630.226583	-0.492449	
6630.228215	-0.500796	
6630.229710	-0.460964	
6630.231406	-0.480340	
6630.232902	-0.475160	
6630.234583	-0.456460	
6630.236072	-0.471937	
6630.237749	-0.459695	
6630.239272	-0.467917	
6630.240978	-0.432540	
6630.242519	-0.427456	
6630.244212	-0.416535	
6630.245767	-0.421446	
6630.247467	-0.404604	
6630.249048	-0.436870	
6630.250724	-0.387672	
6630.252300	-0.441241	
6630.253962	-0.385691	
6630.255539	-0.367483	
6630.257191	-0.375479	
6630.258806	-0.379108	
6630.260425	-0.358560	
6630.262053	-0.375306	
6630.263657	-0.345794	
6630.265309	-0.327767	
6630.266905	-0.334056	
6630.268556	-0.349653	
6630.270140	-0.313116	
6630.271840	-0.374016	
6630.273387	-0.344582	
6630.275101	-0.340876	
6630.276642	-0.329842	
6630.278336	-0.333584	
6630.279859	-0.294497	
6630.281595	-0.302602	
6630.283108	-0.301926	
6630.284871	-0.293418	
6630.286350	-0.302860	
6630.288128	-0.295380	
6630.289611	-0.306494	
6630.291377	-0.291230	
6630.292863	-0.297112	
6630.294455	-0.276954	
6630.296000	-0.290884	
6630.297551	-0.302111	
6630.299140	-0.308496	
6630.300621	-0.308774	
6630.302269	-0.268104	
6630.303821	-0.270964	
6630.305451	-0.273272	
6630.306977	-0.250105	
6630.308666	-0.276620	
6630.310144	-0.241408	
6630.311877	-0.263117	
6630.313454	-0.231567	
6630.315142	-0.258698	
6630.316676	-0.228900	
6630.318374	-0.240852	
6630.319922	-0.248417	
6630.321631	-0.229674	
6630.323139	-0.239072	
6630.324874	-0.227104	
6630.326354	-0.228530	
6630.328139	-0.212996	
6630.329632	-0.205822	
6630.331417	-0.204279	
6630.332900	-0.203079	
6630.334686	-0.184472	
6630.336169	-0.205439	
6630.337942	-0.181269	
6630.339436	-0.195997	
6630.341177	-0.174651	
6630.342691	-0.193350	
6630.344441	-0.182844	
6630.345958	-0.167642	
6630.347692	-0.172286	
6630.349218	-0.169760	
6630.350934	-0.157796	
6630.352475	-0.141079	
6630.354164	-0.142666	
6630.355736	-0.179940	
6630.357410	-0.118355	
6630.358976	-0.168906	
6630.360635	-0.121268	
6630.362231	-0.140620	
6630.363875	-0.116313	
6630.365464	-0.118589	
6630.366983	-0.126782	
6630.368637	-0.116615	
6630.370117	-0.135902	
6630.371765	-0.114492	
6630.373240	-0.099422	
6630.374891	-0.101311	
6630.376372	-0.080723	
6630.378073	-0.104659	
6630.379554	-0.088441	
6630.381241	-0.085234	
6630.382739	-0.081935	
6630.384382	-0.065000	
6630.385924	-0.087333	
6630.387674	-0.058784	
6630.389197	-0.046840	
6630.390897	-0.049249	
6630.392433	-0.046140	
6630.394129	-0.036649	
6630.395697	-0.077480	
6630.397372	-0.034981	
6630.398952	-0.076694	
6630.400594	-0.035098	
6630.402204	-0.018288	
6630.403859	-0.022558	
6630.405462	-0.021007	
6630.407121	-0.017160	
6630.408724	-0.029970	
6630.410331	-0.015049	
6630.412002	-0.033740	
6630.413586	-0.012293	
6630.415263	-0.023601	
6630.416843	-0.008156	
6630.418518	-0.032487	
6630.420088	-0.012322	
6630.421770	-0.044435	
6630.423325	-0.026670	
6630.425038	-0.015065	
6630.426580	0.004376	
6630.428305	-0.023802	
6630.429833	0.015546	
6630.431580	-0.014275	
6630.433075	-0.006525	
6630.434832	-0.011093	
6630.436318	-0.002057	
6630.438114	0.001201	
6630.439594	-0.023827	
6630.441206	-0.034107	
6630.442709	-0.010976	
6630.444279	0.003328	
6630.445850	-0.049684	
6630.447338	-0.014763	
6630.448977	-0.014860	
6630.450554	-0.012664	
6630.452177	-0.026820	
6630.453707	-0.001558	
6630.455350	-0.006352	
6630.456822	0.005600	
6630.458541	0.011711	
6630.460114	0.017476	
6630.461812	0.007321	
6630.463371	0.007494	
6630.465038	0.008175	
6630.466599	0.018785	
6630.468300	0.001500	
6630.469818	0.023023	
6630.471555	0.006652	
6630.473045	0.027373	
6630.474815	0.000251	
6630.476297	0.020364	
6630.478086	0.005395	
6630.479569	0.013162	
6630.481367	0.014483	
6630.482852	0.001258	
6630.484614	0.023643	
6630.486104	0.011961	
6630.487864	0.034314	
6630.489361	0.030270	
6630.491073	0.026733	
6630.492594	0.024658	
6630.494312	0.030290	
6630.495846	-0.007028	
6630.497551	0.036437	
6630.499098	0.027531	
6630.500776	0.033396	
6630.502340	0.004750	
6630.504023	0.040655	
6630.505608	0.005254	
6630.507268	0.036993	
6630.508872	0.057441	
6630.510501	0.056434	
6630.512110	0.035184	
6630.513640	0.036030	
6630.515268	0.032091	
6630.516749	0.014869	
6630.518390	0.035909	
6630.519870	0.051249	
6630.521501	0.052373	
6630.522999	0.032123	
6630.524711	0.071093	
6630.526192	0.028687	
6630.527902	0.052405	
6630.529388	0.050992	
6630.531051	0.048965	
6630.532577	0.064148	
6630.534297	0.063274	
6630.535833	0.036884	
6630.537520	0.064341	
6630.539071	0.063963	
6630.540755	0.067741	
6630.542337	0.062194	
6630.544001	0.065147	
6630.545584	0.053030	
6630.547250	0.075274	
6630.548841	0.067737	
6630.550489	0.076575	
6630.552099	0.043845	
6630.553717	0.067222	
6630.555347	0.034878	
6630.556963	0.064510	
6630.558621	0.057787	
6630.560219	0.064809	
6630.561868	0.055580	
6630.563444	0.071516	
6630.565134	0.060514	
6630.566679	0.065727	
6630.568382	0.062694	
6630.569932	0.077280	
6630.571635	0.064039	
6630.573165	0.069772	
6630.574900	0.074424	
6630.576394	0.074589	
6630.578160	0.051902	
6630.579640	0.094360	
6630.581429	0.059817	
6630.582908	0.054569	
6630.584677	0.066851	
6630.586169	0.073288	
6630.587756	0.052333	
6630.589295	0.054842	
6630.590830	0.045303	
6630.592415	0.027518	
6630.593904	0.050975	
6630.595534	0.049497	
6630.597086	0.086892	
6630.598714	0.063177	
6630.600212	0.068515	
6630.601889	0.055519	
6630.603365	0.072519	
6630.605082	0.065691	
6630.606639	0.084652	
6630.608358	0.053195	
6630.609900	0.076213	
6630.611623	0.052740	
6630.613133	0.057868	
6630.614876	0.059056	
6630.616352	0.105261	
6630.618120	0.087283	
6630.619608	0.084165	
6630.621389	0.065542	
6630.622866	0.085313	
6630.624651	0.061107	
6630.626125	0.053630	
6630.627893	0.069030	
6630.629390	0.066468	
6630.631141	0.086892	
6630.632644	0.075137	
6630.634378	0.087855	
6630.635915	0.068962	
6630.637644	0.088245	
6630.639180	0.069731	
6630.640884	0.108729	
6630.642428	0.079351	
6630.644115	0.094989	
6630.645674	0.064055	
6630.647370	0.092822	
6630.648955	0.059983	
6630.650604	0.101934	
6630.652192	0.072188	
6630.653829	0.101692	
6630.655435	0.070855	
6630.657064	0.110300	
6630.658690	0.093212	
6630.660215	0.090872	
6630.661856	0.112133	
6630.663332	0.097156	
6630.664980	0.072043	
6630.666462	0.083895	
6630.668102	0.097619	
6630.669579	0.082521	
6630.671296	0.096963	
6630.672773	0.072249	
6630.674457	0.115336	
6630.675973	0.097776	
6630.677605	0.104882	
6630.679158	0.100697	
6630.680861	0.133258	
6630.682401	0.117890	
6630.684089	0.126160	
6630.685651	0.113503	
6630.687343	0.120359	
6630.688915	0.086090	
6630.690582	0.127586	
6630.692181	0.100959	
6630.693814	0.126510	
6630.695427	0.110647	
6630.697045	0.132287	
6630.698652	0.115545	
6630.700258	0.129387	
6630.701920	0.101390	
6630.703508	0.121141	
6630.705176	0.104870	
6630.706742	0.144122	
6630.708439	0.118079	
6630.709995	0.127264	
6630.711709	0.114897	
6630.713254	0.132807	
6630.714957	0.114446	
6630.716515	0.140154	
6630.718239	0.119848	
6630.719739	0.130768	
6630.721503	0.133991	
6630.722981	0.121141	
6630.724762	0.119972	
6630.726251	0.123396	
6630.728034	0.109495	
6630.729521	0.112907	
6630.731301	0.126611	
6630.732784	0.104387	
6630.734388	0.108975	
6630.735934	0.131389	
6630.737484	0.127860	
6630.739082	0.104258	
6630.740574	0.126249	
6630.742217	0.129777	
6630.743768	0.141109	
6630.745393	0.093365	
6630.746897	0.129560	
6630.748576	0.131211	
6630.750053	0.137902	
6630.751784	0.123550	
6630.753336	0.131336	
6630.755054	0.129798	
6630.756607	0.144392	
6630.758311	0.145109	
6630.759845	0.126631	
6630.761572	0.147977	
6630.763063	0.155132	
6630.764829	0.160074	
6630.766310	0.162342	
6630.768060	0.147889	
6630.769544	0.148344	
6630.771333	0.161726	
6630.772827	0.161335	
6630.774602	0.166632	
6630.776078	0.152465	
6630.777851	0.165460	
6630.779348	0.187717	
6630.781095	0.184027	
6630.782608	0.181110	
6630.784328	0.184357	
6630.785858	0.140904	
6630.787568	0.182903	
6630.789125	0.158572	
6630.790826	0.200716	
6630.792383	0.163631	
6630.794062	0.213462	
6630.795624	0.208104	
6630.797275	0.204902	
6630.798849	0.214195	
6630.800487	0.214159	
6630.802098	0.207886	
6630.803749	0.231859	
6630.805356	0.208886	
6630.806873	0.230739	
6630.808501	0.211435	
6630.809991	0.227649	
6630.811649	0.225071	
6630.813146	0.231291	
6630.814765	0.216676	
6630.816267	0.243743	
6630.817953	0.245898	
6630.819433	0.240729	
6630.821134	0.261298	
6630.822629	0.242296	
6630.824273	0.251711	
6630.825806	0.237700	
6630.827518	0.280300	
6630.829072	0.246425	
6630.830766	0.281568	
6630.832336	0.253632	
6630.834023	0.278386	
6630.835592	0.260049	
6630.837260	0.291168	
6630.838837	0.297267	
6630.840482	0.288106	
6630.842091	0.301521	
6630.843715	0.303450	
6630.845340	0.267884	
6630.846948	0.301227	
6630.848633	0.304119	
6630.850234	0.301319	
6630.851894	0.273645	
6630.853492	0.299668	
6630.855179	0.301871	
6630.856743	0.328591	
6630.858452	0.302878	
6630.860011	0.315495	
6630.861721	0.314762	
6630.863271	0.320333	
6630.864959	0.312949	
6630.866514	0.325735	
6630.868237	0.322359	
6630.869741	0.307185	
6630.871518	0.324478	
6630.872999	0.325969	
6630.874774	0.334025	
6630.876254	0.353514	
6630.878008	0.354171	
6630.879497	0.350131	
6630.881089	0.324752	
6630.882632	0.331238	
6630.884194	0.355512	
6630.885749	0.362989	
6630.887238	0.335298	
6630.888884	0.339552	
6630.890456	0.367017	
6630.892078	0.380552	
6630.893615	0.392287	
6630.895291	0.364604	
6630.896898	0.417041	
6630.898562	0.392613	
6630.900131	0.405310	
6630.901828	0.426697	
6630.903382	0.425859	
6630.905102	0.406757	
6630.906679	0.425911	
6630.908384	0.442862	
6630.909935	0.449102	
6630.911628	0.455572	
6630.913166	0.451620	
6630.914890	0.454383	
6630.916386	0.462178	
6630.918165	0.478948	
6630.919642	0.490388	
6630.921424	0.496193	
6630.922918	0.500854	
6630.924709	0.489406	
6630.926185	0.494630	
6630.927974	0.507175	
6630.929453	0.506933	
6630.931216	0.521886	
6630.932705	0.505233	
6630.934440	0.522635	
6630.935949	0.508323	
6630.937697	0.550729	
6630.939226	0.567914	
6630.940930	0.574629	
6630.942463	0.537786	
6630.944176	0.578875	
6630.945719	0.580925	
6630.947426	0.597945	
6630.948985	0.585582	
6630.950670	0.598315	
6630.952276	0.605357	
6630.953766	0.583241	
6630.955402	0.586013	
6630.956920	0.584365	
6630.958555	0.611851	
6630.960038	0.601602	
6630.961691	0.604120	
6630.963177	0.620471	
6630.964892	0.608986	
6630.966383	0.600539	
6630.968098	0.621623	
6630.969588	0.638474	
6630.971287	0.634820	
6630.972770	0.614682	
6630.974530	0.619750	
6630.976025	0.639940	
6630.977767	0.624254	
6630.979278	0.646325	
6630.980996	0.629636	
6630.982524	0.594291	
6630.984234	0.625204	
6630.985768	0.601643	
6630.987464	0.631194	
6630.989027	0.585179	
6630.990707	0.635352	
6630.992267	0.600261	
6630.993940	0.636105	
6630.995526	0.625712	
6630.997176	0.615492	
6630.998764	0.622695	
6631.000407	0.612257	
6631.002020	0.624495	
6631.003657	0.608966	
6631.005329	0.569839	
6631.006931	0.615609	
6631.008590	0.567757	
6631.010178	0.584458	
6631.011859	0.569549	
6631.013440	0.587169	
6631.015116	0.567511	
6631.016692	0.579100	
6631.018398	0.545585	
6631.019935	0.586134	
6631.021650	0.559502	
6631.023128	0.565267	
6631.024691	0.534813	
6631.026188	0.562064	
6631.027819	0.532090	
6631.029332	0.547389	
6631.030897	0.550608	
6631.032461	0.533194	
6631.034066	0.547514	
6631.035643	0.540868	
6631.037215	0.541915	
6631.038814	0.516162	
6631.040356	0.556936	
6631.041986	0.540376	
6631.043607	0.540320	
6631.045240	0.502635	
6631.046833	0.525918	
6631.048483	0.503146	
6631.050067	0.512347	
6631.051756	0.486852	
6631.053304	0.493184	
6631.055025	0.492910	
6631.056571	0.518619	
6631.058269	0.473010	
6631.059803	0.490920	
6631.061508	0.477861	
6631.062996	0.482642	
6631.064781	0.461675	
6631.066258	0.440119	
6631.068037	0.476076	
6631.069521	0.443064	
6631.071306	0.474150	
6631.072783	0.432280	
6631.074536	0.438077	
6631.076027	0.427547	
6631.077795	0.428381	
6631.079301	0.411893	
6631.081063	0.401040	
6631.082582	0.392770	
6631.084312	0.380137	
6631.085832	0.368061	
6631.087540	0.376085	
6631.089082	0.317557	
6631.090792	0.347867	
6631.092351	0.348394	
6631.094030	0.318246	
6631.095636	0.278205	
6631.097131	0.302379	
6631.098764	0.299785	
6631.100287	0.264247	
6631.101948	0.253556	
6631.103443	0.262611	
6631.105091	0.209240	
6631.106566	0.223110	
6631.108288	0.216725	
6631.109775	0.200901	
6631.111470	0.216584	
6631.112953	0.150463	
6631.114660	0.181380	
6631.116144	0.161371	
6631.117932	0.178351	
6631.119419	0.131852	
6631.121170	0.160074	
6631.122674	0.132738	
6631.124427	0.130615	
6631.125932	0.107722	
6631.127657	0.113418	
6631.129178	0.080680	
6631.130882	0.090171	
6631.132420	0.037948	
6631.134138	0.063141	
6631.135701	0.047595	
6631.137387	0.045827	
6631.138961	0.006382	
6631.140642	0.019720	
6631.142212	-0.000148	
6631.143885	0.004267	
6631.145478	-0.014432	
6631.147091	-0.003020	
6631.148701	-0.051578	
6631.150321	-0.040351	
6631.151950	-0.060798	
6631.153564	-0.033164	
6631.155201	-0.058547	
6631.156791	-0.057729	
6631.158477	-0.068130	
6631.160052	-0.079325	
6631.161755	-0.097658	
6631.163316	-0.087236	
6631.165024	-0.136736	
6631.166583	-0.129409	
6631.168275	-0.129143	
6631.169766	-0.128563	
6631.171395	-0.174224	
6631.172906	-0.179642	
6631.174557	-0.165144	
6631.176040	-0.201919	
6631.177638	-0.171988	
6631.179163	-0.204211	
6631.180802	-0.180492	
6631.182359	-0.203244	
6631.183963	-0.208308	
6631.185549	-0.201137	
6631.187109	-0.224755	
6631.188714	-0.248764	
6631.190333	-0.230931	
6631.191967	-0.266722	
6631.193571	-0.241823	
6631.195252	-0.292503	
6631.196853	-0.270384	
6631.198502	-0.290489	
6631.200088	-0.285208	
6631.201767	-0.304609	
6631.203331	-0.299742	
6631.205045	-0.326821	
6631.206592	-0.326172	
6631.208292	-0.340388	
6631.209855	-0.339236	
6631.211567	-0.360030	
6631.213111	-0.367539	
6631.214845	-0.385449	
6631.216334	-0.382150	
6631.218109	-0.382307	
6631.219594	-0.386170	
6631.221386	-0.395886	
6631.222862	-0.418614	
6631.224614	-0.408422	
6631.226094	-0.418014	
6631.227868	-0.428641	
6631.229360	-0.447421	
6631.231140	-0.431791	
6631.232641	-0.462156	
6631.234373	-0.441487	
6631.235887	-0.438288	
6631.237613	-0.438482	
6631.239140	-0.459413	
6631.240834	-0.447682	
6631.242385	-0.462805	
6631.243875	-0.461189	
6631.245555	-0.490169	
6631.247045	-0.483828	
6631.248681	-0.487567	
6631.250209	-0.476980	
6631.251825	-0.499607	
6631.253312	-0.452686	
6631.255026	-0.485110	
6631.256507	-0.468626	
6631.258226	-0.466414	
6631.259708	-0.476150	
6631.261408	-0.467441	
6631.262895	-0.448532	
6631.264661	-0.455352	
6631.266149	-0.449394	
6631.267904	-0.465387	
6631.269386	-0.458023	
6631.271148	-0.449511	
6631.272654	-0.462031	
6631.274400	-0.439138	
6631.275916	-0.459904	
6631.277639	-0.429011	
6631.279164	-0.450498	
6631.280875	-0.415089	
6631.282424	-0.405449	
6631.284122	-0.418888	
6631.285678	-0.485057	
6631.287383	-0.410114	
6631.288946	-0.425132	
6631.290636	-0.403181	
6631.292207	-0.460944	
6631.293848	-0.402811	
6631.295459	-0.436677	
6631.297102	-0.396591	
6631.298712	-0.423722	
6631.300327	-0.386275	
6631.301968	-0.411444	
6631.303589	-0.379402	
6631.305236	-0.410408	
6631.306836	-0.369215	
6631.308508	-0.412837	
6631.310093	-0.385719	
6631.311774	-0.401268	
6631.313337	-0.356433	
6631.315030	-0.385235	
6631.316502	-0.367732	
6631.318132	-0.377392	
6631.319611	-0.374472	
6631.321244	-0.357214	
6631.322747	-0.381602	
6631.324343	-0.367466	
6631.325873	-0.377533	
6631.327500	-0.339095	
6631.329050	-0.373300	
6631.330651	-0.345141	
6631.332233	-0.341298	
6631.333812	-0.362141	
6631.335401	-0.352207	
6631.337045	-0.326132	
6631.338638	-0.334889	
6631.340258	-0.313398	
6631.341918	-0.325733	
6631.343500	-0.305970	
6631.345168	-0.347301	
6631.346753	-0.309620	
6631.348426	-0.341089	
6631.350001	-0.319425	
6631.351689	-0.322696	
6631.353250	-0.300991	
6631.354967	-0.309644	
6631.356507	-0.288169	
6631.358236	-0.279943	
6631.359746	-0.293152	
6631.361489	-0.280427	
6631.362985	-0.279617	
6631.364757	-0.268043	
6631.366244	-0.281969	
6631.368011	-0.269268	
6631.369491	-0.253695	
6631.371279	-0.253175	
6631.372759	-0.261610	
6631.374514	-0.239592	
6631.375992	-0.255834	
6631.377742	-0.245493	
6631.379248	-0.237718	
6631.380985	-0.237718	
6631.382513	-0.230846	
6631.384257	-0.226955	
6631.385784	-0.217129	
6631.387497	-0.205858	
6631.389041	-0.230657	
6631.390542	-0.217810	
6631.392219	-0.234129	
6631.393691	-0.193419	
6631.395306	-0.203772	
6631.396836	-0.190595	
6631.398472	-0.168065	
6631.399950	-0.166212	
6631.401672	-0.175046	
6631.403149	-0.186687	
6631.404869	-0.147395	
6631.406353	-0.164310	
6631.408053	-0.134476	
6631.409541	-0.125203	
6631.411340	-0.130919	
6631.412814	-0.117054	
6631.414593	-0.132168	
6631.416073	-0.102471	
6631.417821	-0.113457	
6631.419315	-0.104558	
6631.421060	-0.098234	
6631.422574	-0.134702	
6631.424314	-0.094427	
6631.425846	-0.095970	
6631.427573	-0.093577	
6631.429101	-0.098641	
6631.430793	-0.075425	
6631.432325	-0.088533	
6631.434003	-0.078165	
6631.435575	-0.116450	
6631.437233	-0.066076	
6631.438817	-0.076444	
6631.440459	-0.046413	
6631.442079	-0.067759	
6631.443735	-0.059429	
6631.445331	-0.072364	
6631.446961	-0.041757	
6631.448604	-0.063961	
6631.450198	-0.036161	
6631.451866	-0.058490	
6631.453449	-0.055533	
6631.455125	-0.079570	
6631.456711	-0.047988	
6631.458395	-0.061471	
6631.459975	-0.044242	
6631.461654	-0.066152	
6631.463145	-0.052005	
6631.464788	-0.046494	
6631.466270	-0.060243	
6631.467916	-0.046764	
6631.469397	-0.032000	
6631.471005	-0.051014	
6631.472525	-0.052774	
6631.474167	-0.040020	
6631.475711	-0.052279	
6631.477335	-0.045185	
6631.478913	-0.057616	
6631.480511	-0.022658	
6631.482113	-0.036600	
6631.483741	-0.023702	
6631.485349	-0.043118	
6631.486994	-0.025478	
6631.488608	-0.043179	
6631.490216	-0.008559	
6631.491838	0.001222	
6631.493428	-0.011226	
6631.495122	-0.027311	
6631.496687	-0.014900	
6631.498371	-0.021700	
6631.499938	-0.025897	
6631.501632	-0.045302	
6631.503191	-0.000281	
6631.504875	-0.024298	
6631.506410	-0.026099	
6631.508143	-0.025212	
6631.509636	0.005443	
6631.511412	-0.002057	
6631.512894	0.018854	
6631.514672	-0.015951	
6631.516166	-0.019150	
6631.517932	-0.001373	
6631.519419	-0.001965	
6631.521170	0.016956	
6631.522660	0.007598	
6631.524459	0.023410	
6631.525962	0.017794	
6631.527685	0.006785	
6631.529203	0.005230	
6631.530913	0.026725	
6631.532451	0.014273	
6631.533978	-0.002114	
6631.535589	0.009770	
6631.537075	0.041162	
6631.538704	0.002333	
6631.540229	0.030439	
6631.541867	0.010169	
6631.543343	0.030056	
6631.544981	0.028787	
6631.546454	0.034165	
6631.548162	0.031378	
6631.549661	0.032671	
6631.551373	0.023760	
6631.552872	0.017121	
6631.554577	0.055314	
6631.556049	0.020417	
6631.557827	0.044018	
6631.559316	0.048574	
6631.561070	0.049646	
6631.562569	0.061332	
6631.564294	0.066130	
6631.565826	0.063673	
6631.567566	0.049126	
6631.569086	0.039797	
6631.570791	0.051918	
6631.572338	0.056865	
6631.574028	0.058750	
6631.575588	0.059487	
6631.577246	0.052708	
6631.578827	0.039418	
6631.580477	0.067540	
6631.582090	0.060752	
6631.583751	0.068051	
6631.585348	0.027780	
6631.586978	0.063926	
6631.588585	0.052687	
6631.590205	0.068180	
6631.591890	0.053010	
6631.593475	0.065787	
6631.595154	0.066726	
6631.596742	0.077353	
6631.598411	0.062194	
6631.599983	0.069216	
6631.601665	0.049183	
6631.603227	0.065127	
6631.604949	0.043257	
6631.606422	0.038383	
6631.608000	0.072922	
6631.609485	0.041839	
6631.611113	0.044361	
6631.612610	0.046572	
6631.614195	0.078545	
6631.615744	0.073864	
6631.617380	0.066231	
6631.618968	0.036747	
6631.620544	0.058134	
6631.622141	0.048893	
6631.623692	0.060913	
6631.625311	0.025762	
6631.626935	0.064611	
6631.628580	0.057392	
6631.630172	0.071250	
6631.631809	0.054581	
6631.633411	0.059322	
6631.635083	0.075629	
6631.636661	0.075919	
6631.638354	0.062110	
6631.639904	0.065087	
6631.641615	0.046854	
6631.643165	0.056982	
6631.644847	0.054504	
6631.646381	0.068132	
6631.648130	0.059761	
6631.649619	0.050395	
6631.651402	0.063906	
6631.652882	0.090614	
6631.654660	0.071355	
6631.656147	0.055616	
6631.657914	0.081011	
6631.659392	0.074247	
6631.661173	0.070742	
6631.662676	0.080688	
6631.664454	0.067753	
6631.665954	0.061957	
6631.667708	0.091686	
6631.669214	0.075306	
6631.670955	0.085522	
6631.672474	0.089893	
6631.674209	0.096548	
6631.675752	0.072611	
6631.677473	0.089861	
6631.679015	0.066819	
6631.680513	0.070891	
6631.682168	0.070235	
6631.683659	0.060498	
6631.685280	0.078940	
6631.686794	0.080700	
6631.688431	0.087170	
6631.689900	0.110925	
6631.691620	0.093341	
6631.693090	0.082445	
6631.694805	0.094719	
6631.696286	0.096221	
6631.697986	0.105136	
6631.699462	0.081542	
6631.701236	0.121149	
6631.702716	0.106228	
6631.704469	0.105954	
6631.705974	0.111944	
6631.707732	0.116633	
6631.709235	0.103364	
6631.710974	0.117954	
6631.712491	0.102224	
6631.714214	0.131723	
6631.715741	0.114377	
6631.717468	0.136142	
6631.719023	0.115622	
6631.720716	0.124593	
6631.722265	0.111638	
6631.723933	0.126011	
6631.725500	0.126285	
6631.727169	0.127856	
6631.728760	0.112347	
6631.730393	0.132734	
6631.731998	0.123807	
6631.733615	0.140976	
6631.735248	0.076491	
6631.736865	0.129318	
6631.738524	0.113165	
6631.740127	0.116262	
6631.741779	0.098558	
6631.743358	0.147599	
6631.745054	0.110409	
6631.746622	0.122575	
6631.748315	0.116125	
6631.749893	0.141419	
6631.751590	0.128166	
6631.753074	0.094598	
6631.754713	0.133286	
6631.756210	0.127284	
6631.757841	0.134144	
6631.759343	0.112258	
6631.760926	0.127759	
6631.762450	0.119602	
6631.764100	0.132198	
6631.765642	0.139880	
6631.767244	0.136887	
6631.768819	0.122941	
6631.770382	0.142575	
6631.771998	0.128847	
6631.773632	0.161508	
6631.775256	0.109861	
6631.776856	0.146837	
6631.778523	0.113007	
6631.780120	0.151558	
6631.781775	0.151558	
6631.783358	0.149190	
6631.785009	0.144239	
6631.786576	0.173174	
6631.788291	0.138704	
6631.789834	0.159696	
6631.791548	0.158072	
6631.793095	0.176091	
6631.794816	0.156046	
6631.796327	0.174685	
6631.798081	0.175402	
6631.799571	0.163893	
6631.801346	0.149238	
6631.802827	0.139425	
6631.804604	0.156372	
6631.806088	0.155563	
6631.807872	0.173432	
6631.809351	0.169988	
6631.811126	0.177666	
6631.812615	0.174504	
6631.814351	0.193880	
6631.815873	0.197550	
6631.817608	0.193928	
6631.819128	0.179040	
6631.820843	0.205143	
6631.822385	0.187278	
6631.824075	0.225635	
6631.825657	0.203608	
6631.827139	0.200466	
6631.828791	0.215750	
6631.830279	0.218054	
6631.831946	0.195085	
6631.833434	0.208547	
6631.835066	0.199681	
6631.836544	0.235058	
6631.838235	0.225152	
6631.839720	0.222235	
6631.841433	0.228898	
6631.842936	0.237023	
6631.844656	0.224471	
6631.846137	0.258639	
6631.847911	0.257717	
6631.849388	0.255010	
6631.851166	0.264476	
6631.852645	0.276203	
6631.854418	0.274168	
6631.855913	0.278148	
6631.857672	0.280449	
6631.859187	0.275296	
6631.860925	0.279220	
6631.862448	0.265616	
6631.864192	0.296030	
6631.865729	0.300695	
6631.867432	0.295011	
6631.868979	0.274902	
6631.870671	0.316268	
6631.872241	0.282048	
6631.873926	0.321372	
6631.875500	0.305464	
6631.877178	0.316389	
6631.878747	0.307958	
6631.880390	0.325586	
6631.881995	0.303184	
6631.883609	0.328740	
6631.885237	0.309021	
6631.886828	0.333030	
6631.888489	0.300916	
6631.890103	0.339165	
6631.891751	0.319185	
6631.893337	0.345764	
6631.895033	0.310854	
6631.896588	0.354243	
6631.898298	0.335987	
6631.899768	0.294419	
6631.901417	0.338605	
6631.902900	0.362409	
6631.904543	0.337522	
6631.906040	0.337308	
6631.907627	0.344140	
6631.909166	0.361357	
6631.910800	0.368753	
6631.912344	0.365313	
6631.913952	0.390128	
6631.915531	0.389995	
6631.917109	0.381487	
6631.918714	0.396726	
6631.920362	0.398926	
6631.921943	0.372778	
6631.923578	0.391344	
6631.925206	0.390519	
6631.926807	0.412300	
6631.928485	0.415148	
6631.930067	0.423321	
6631.931732	0.416388	
6631.933323	0.449267	
6631.934986	0.417875	
6631.936548	0.447290	
6631.938227	0.419152	
6631.939774	0.443636	
6631.941489	0.446190	
6631.943003	0.454037	
6631.944745	0.465784	
6631.946225	0.478469	
6631.948001	0.488241	
6631.949480	0.478211	
6631.951256	0.479569	
6631.952747	0.491093	
6631.954540	0.508935	
6631.956020	0.502558	
6631.957791	0.526450	
6631.959274	0.518691	
6631.961028	0.525262	
6631.962536	0.518160	
6631.964273	0.543643	
6631.965800	0.530599	
6631.967534	0.542672	
6631.969055	0.522458	
6631.970777	0.552054	
6631.972328	0.556272	
6631.973830	0.567209	
6631.975499	0.550491	
6631.976990	0.577457	
6631.978617	0.552179	
6631.980141	0.605574	
6631.981779	0.559361	
6631.983254	0.577392	
6631.984974	0.582915	
6631.986446	0.606412	
6631.988169	0.595878	
6631.989644	0.589787	
6631.991345	0.605143	
6631.992828	0.624914	
6631.994596	0.595089	
6631.996080	0.624008	
6631.997859	0.616245	
6631.999333	0.617188	
6632.001110	0.617281	
6632.002598	0.618276	
6632.004348	0.620681	
6632.005855	0.588261	
6632.007595	0.630328	
6632.009119	0.601977	
6632.010818	0.617603	
6632.012362	0.610215	
6632.014079	0.626062	
6632.015633	0.600362	
6632.017313	0.618566	
6632.018877	0.611947	
6632.020553	0.619388	
6632.022141	0.597566	
6632.023790	0.608160	
6632.025392	0.600853	
6632.027033	0.605055	
6632.028629	0.599137	
6632.030266	0.611967	
6632.031876	0.589421	
6632.033504	0.598863	
6632.035165	0.558653	
6632.036754	0.581711	
6632.038427	0.557311	
6632.040012	0.588740	
6632.041679	0.565182	
6632.043258	0.566113	
6632.044936	0.556095	
6632.046430	0.557319	
6632.048060	0.541850	
6632.049554	0.535743	
6632.051192	0.543425	
6632.052674	0.546221	
6632.054295	0.553919	
6632.055800	0.539200	
6632.057446	0.547832	
6632.058986	0.539691	
6632.060608	0.542455	
6632.062184	0.531067	
6632.063754	0.517290	
6632.065363	0.511453	
6632.067000	0.516637	
6632.068618	0.517809	
6632.070233	0.519010	
6632.071875	0.486103	
6632.073484	0.510889	
6632.075126	0.491589	
6632.076724	0.491955	
6632.078400	0.492157	
6632.079969	0.499895	
6632.081664	0.478622	
6632.083218	0.497394	
6632.084915	0.462102	
6632.086468	0.454750	
6632.088154	0.453449	
6632.089692	0.460656	
6632.091419	0.433787	
6632.092906	0.445175	
6632.094679	0.425412	
6632.096160	0.434431	
6632.097951	0.417980	
6632.099432	0.427063	
6632.101205	0.407401	
6632.102686	0.401975	
6632.104445	0.396919	
6632.105952	0.378462	
6632.107733	0.386152	
6632.109231	0.371344	
6632.110984	0.359621	
6632.112497	0.355388	
6632.114214	0.346553	
6632.115745	0.300735	
6632.117483	0.339560	
6632.119025	0.315040	
6632.120538	0.315237	
6632.122185	0.266978	
6632.123679	0.283510	
6632.125316	0.266531	
6632.126856	0.283373	
6632.128537	0.225204	
6632.130036	0.232076	
6632.131747	0.204563	
6632.133219	0.227851	
6632.134966	0.190770	
6632.136435	0.219464	
6632.138165	0.181066	
6632.139708	0.199097	
6632.141442	0.166657	
6632.142946	0.174560	
6632.144710	0.159752	
6632.146206	0.142889	
6632.147999	0.129846	
6632.149479	0.124577	
6632.151280	0.106486	
6632.152763	0.109644	
6632.154522	0.082312	
6632.155998	0.047334	
6632.157751	0.083673	
6632.159251	0.077478	
6632.161009	0.056965	
6632.162510	0.037956	
6632.164254	0.045082	
6632.165771	0.017601	
6632.167503	0.026326	
6632.169040	0.005790	
6632.170727	-0.003198	
6632.172279	-0.044593	
6632.173974	-0.015270	
6632.175541	-0.036206	
6632.177229	-0.033027	
6632.178791	-0.033237	
6632.180458	-0.039074	
6632.182032	-0.045608	
6632.183672	-0.053382	
6632.185277	-0.077218	
6632.186914	-0.069790	
6632.188547	-0.105408	
6632.190163	-0.087639	
6632.191798	-0.126915	
6632.193280	-0.139105	
6632.194910	-0.127205	
6632.196391	-0.117622	
6632.198033	-0.129360	
6632.199528	-0.165063	
6632.201244	-0.147423	
6632.202731	-0.209379	
6632.204432	-0.171255	
6632.205913	-0.197330	
6632.207582	-0.174808	
6632.209095	-0.199868	
6632.210726	-0.189282	
6632.212272	-0.213274	
6632.213952	-0.205258	
6632.215519	-0.226193	
6632.217185	-0.228824	
6632.218764	-0.238367	
6632.220416	-0.231245	
6632.222007	-0.255036	
6632.223658	-0.251572	
6632.225248	-0.274541	
6632.226878	-0.256341	
6632.228533	-0.292193	
6632.230133	-0.289712	
6632.231809	-0.301994	
6632.233387	-0.297684	
6632.235081	-0.325850	
6632.236667	-0.296636	
6632.238320	-0.330382	
6632.239895	-0.331006	
6632.241597	-0.361855	
6632.243137	-0.326885	
6632.244835	-0.352328	
6632.246378	-0.359776	
6632.248102	-0.375285	
6632.249619	-0.359869	
6632.251364	-0.405361	
6632.252857	-0.394356	
6632.254619	-0.400422	
6632.256110	-0.417329	
6632.257897	-0.384925	
6632.259373	-0.419541	
6632.261168	-0.421136	
6632.262656	-0.422497	
6632.264249	-0.434639	
6632.265786	-0.461528	
6632.267338	-0.435412	
6632.268948	-0.466740	
6632.270434	-0.441769	
6632.272068	-0.455538	
6632.273628	-0.440584	
6632.275252	-0.476851	
6632.276762	-0.444657	
6632.278470	-0.453648	
6632.279949	-0.434993	
6632.281657	-0.467538	
6632.283142	-0.447912	
6632.284851	-0.470370	
6632.286402	-0.448943	
6632.288125	-0.448411	
6632.289643	-0.439751	
6632.291384	-0.448794	
6632.292870	-0.460239	
6632.294644	-0.444859	
6632.296132	-0.434167	
6632.297919	-0.435799	
6632.299411	-0.437382	
6632.301190	-0.455372	
6632.302674	-0.465572	
6632.304446	-0.446385	
6632.305929	-0.430558	
6632.307675	-0.427674	
6632.309180	-0.437402	
6632.310909	-0.430058	
6632.312439	-0.461842	
6632.314154	-0.412978	
6632.315681	-0.419718	
6632.317373	-0.399492	
6632.318923	-0.406098	
6632.320623	-0.399798	
6632.322179	-0.399480	
6632.323850	-0.386311	
6632.325409	-0.391282	
6632.327050	-0.388087	
6632.328656	-0.396116	
6632.330276	-0.373601	
6632.331897	-0.375467	
6632.333515	-0.365799	
6632.335158	-0.388124	
6632.336653	-0.397199	
6632.338301	-0.382649	
6632.339779	-0.387769	
6632.341429	-0.358612	
6632.342905	-0.375426	
6632.344535	-0.386460	
6632.346020	-0.356465	
6632.347697	-0.368647	
6632.349189	-0.338575	
6632.350851	-0.348743	
6632.352367	-0.345254	
6632.353996	-0.342942	
6632.355560	-0.369577	
6632.357259	-0.337145	
6632.358837	-0.345822	
6632.360506	-0.329004	
6632.362082	-0.343893	
6632.363740	-0.317419	
6632.365329	-0.339470	
6632.366955	-0.319437	
6632.368562	-0.328803	
6632.370178	-0.313157	
6632.371849	-0.335929	
6632.373439	-0.323868	
6632.375103	-0.325769	
6632.376717	-0.309849	
6632.378382	-0.309483	
6632.379979	-0.290820	
6632.381670	-0.299887	
6632.383232	-0.315195	
6632.384938	-0.313418	
6632.386488	-0.305229	
6632.388190	-0.311267	
6632.389758	-0.292568	
6632.391456	-0.304524	
6632.393001	-0.284120	
6632.394726	-0.293539	
6632.396219	-0.272269	
6632.397999	-0.258130	
6632.399475	-0.274408	
6632.401269	-0.254162	
6632.402751	-0.246854	
6632.404515	-0.260027	
6632.405998	-0.255471	
6632.407767	-0.238919	
6632.409268	-0.231849	
6632.410838	-0.250061	
6632.412381	-0.221710	
6632.413925	-0.217685	
6632.415535	-0.274771	
6632.417033	-0.249014	
6632.418676	-0.218088	
6632.420232	-0.183549	
6632.421871	-0.182268	
6632.423384	-0.182957	
6632.425081	-0.182897	
6632.426556	-0.177612	
6632.428287	-0.166892	
6632.429837	-0.146771	
6632.431547	-0.171561	
6632.433100	-0.161176	
6632.434782	-0.129860	
6632.436334	-0.141530	
6632.438067	-0.147174	
6632.439568	-0.135951	
6632.441322	-0.135717	
6632.442799	-0.128430	
6632.444584	-0.123890	
6632.446060	-0.118863	
6632.447823	-0.128929	
6632.449302	-0.138613	
6632.451075	-0.107700	
6632.452579	-0.126029	
6632.454335	-0.104925	
6632.455843	-0.087998	
6632.457579	-0.091949	
6632.459090	-0.131894	
6632.460803	-0.089770	
6632.462325	-0.080255	
6632.464018	-0.074104	
6632.465565	-0.112566	
6632.467268	-0.074454	
6632.468820	-0.075639	
6632.470490	-0.062720	
6632.472062	-0.095688	
6632.473733	-0.064206	
6632.475331	-0.072960	
6632.476976	-0.067280	
6632.478591	-0.056915	
6632.480204	-0.048573	
6632.481856	-0.096268	
6632.483357	-0.059179	
6632.484976	-0.066470	
6632.486449	-0.056275	
6632.488095	-0.047727	
6632.489575	-0.052399	
6632.491193	-0.059538	
6632.492694	-0.042296	
6632.494396	-0.042123	
6632.495910	-0.043086	
6632.497575	-0.038111	
6632.499080	-0.059667	
6632.500722	-0.030679	
6632.502263	-0.027911	
6632.503973	-0.021945	
6632.505533	-0.049382	
6632.507205	-0.024032	
6632.508781	-0.038401	
6632.510439	-0.034147	
6632.512043	-0.048488	
6632.513705	-0.018698	
6632.515290	-0.029216	
6632.516937	-0.027738	
6632.518541	-0.038405	
6632.520159	-0.014565	
6632.521834	-0.044286	
6632.523423	-0.001042	
6632.525077	-0.015951	
6632.526656	-0.009393	
6632.528331	-0.010811	
6632.529910	0.001790	
6632.531569	-0.022876	
6632.533121	0.006998	
6632.534817	-0.021301	
6632.536355	0.010974	
6632.538101	-0.027851	
6632.539605	-0.028576	
6632.541356	-0.020145	
6632.542851	-0.015867	
6632.544605	0.007312	
6632.546090	0.027506	
6632.547886	0.011184	
6632.549362	0.006668	
6632.551142	0.009617	
6632.552618	-0.004668	
6632.554393	0.020453	
6632.555886	-0.021091	
6632.557467	-0.007592	
6632.559022	0.010181	
6632.560556	0.016086	
6632.562164	-0.009913	
6632.563659	0.005540	
6632.565291	0.010825	
6632.566823	0.009758	
6632.568494	0.009129	
6632.569967	0.019965	
6632.571675	0.011240	
6632.573149	0.023023	
6632.574875	0.020219	
6632.576431	0.046230	
6632.578151	0.022604	
6632.579694	0.043205	
6632.581427	0.030354	
6632.582935	0.047354	
6632.584685	0.043583	
6632.586177	0.036353	
6632.587958	0.035031	
6632.589452	0.036030	
6632.591245	0.057731	
6632.592728	0.034794	
6632.594525	0.044272	
6632.596003	0.058537	
6632.597775	0.055000	
6632.599254	0.059088	
6632.600992	0.046810	
6632.602492	0.049013	
6632.604243	0.048764	
6632.605765	0.007840	
6632.607490	0.055282	
6632.609016	0.054569	
6632.610716	0.071814	
6632.612253	0.044264	
6632.613945	0.066476	
6632.615504	0.044873	
6632.617199	0.064861	
6632.618783	0.029371	
6632.620456	0.069179	
6632.622042	0.038814	
6632.623693	0.067838	
6632.625288	0.057832	
6632.626941	0.069582	
6632.628551	0.026995	
6632.630063	0.055330	
6632.631714	0.049984	
6632.633190	0.045718	
