time (s)	magX	magY	magZ
6628.585244	-235.955582	-109.201645	-139.847458
6628.588575	-237.182938	-109.260086	-140.256592
6628.591902	-237.241379	-108.850967	-141.250153
6628.595241	-238.001175	-109.552322	-142.886627
6628.598575	-238.702499	-110.545883	-143.997086
6628.601909	-239.462296	-110.604324	-145.458221
6628.605265	-240.455856	-112.065460	-147.386902
6628.608578	-240.748093	-111.539459	-147.796021
6628.611906	-241.566360	-112.123917	-150.016953
6628.615242	-242.676804	-112.182343	-151.244293
6628.618571	-243.436600	-113.585037	-152.120987
6628.622791	-245.599045	-114.111053	-155.919922
6628.626166	-246.300400	-114.987732	-157.907074
6628.629498	-247.527756	-115.221512	-160.011108
6628.632346	-248.521317	-115.922852	-162.056702
6628.635655	-249.222672	-116.565765	-164.160736
6628.638996	-250.157822	-116.916428	-165.972534
6628.641904	-251.385178	-117.734665	-168.135010
6628.645236	-252.086502	-118.903564	-170.063705
6628.648604	-253.606094	-120.189362	-172.459961
6628.651904	-254.190536	-120.306259	-174.096436
6628.655231	-254.950333	-121.475159	-177.252502
6628.658563	-256.645203	-121.533615	-178.713623
6628.661904	-257.405029	-122.644073	-180.817657
6628.665233	-258.398621	-123.579193	-184.032150
6628.668563	-258.749268	-124.572769	-185.668610
6628.671901	-260.327271	-125.507904	-188.766235
6628.675226	-261.905334	-126.443024	-189.876678
6628.678567	-262.548218	-127.670380	-192.039154
6628.681900	-263.775574	-128.313278	-195.019867
6628.685228	-264.710693	-128.897720	-198.234360
6628.688565	-266.171814	-130.241974	-199.520172
6628.691911	-266.990051	-131.293976	-202.383987
6628.696087	-268.918762	-132.872009	-207.585632
6628.699409	-269.737000	-133.748688	-209.864990
6628.702740	-270.905884	-134.566925	-211.969025
6628.705663	-272.367065	-135.326721	-215.475754
6628.708985	-273.652832	-136.787857	-218.222672
6628.712321	-274.938660	-137.547638	-221.437180
6628.715226	-276.049072	-138.482773	-224.885452
6628.718559	-277.334900	-138.424316	-228.216843
6628.721898	-278.796021	-139.593231	-231.840454
6628.725222	-279.672729	-140.469910	-235.756287
6628.728592	-281.367615	-141.054367	-238.269440
6628.731934	-282.594971	-142.047928	-241.951492
6628.735232	-284.231445	-143.041504	-246.919342
6628.738569	-285.166565	-143.450607	-250.133850
6628.741890	-287.095276	-144.151962	-254.108124
6628.745223	-287.971924	-145.437759	-259.075989
6628.748562	-290.134460	-146.723557	-263.810059
6628.751896	-291.069580	-147.249557	-268.076538
6628.755227	-292.238464	-147.717117	-273.278198
6628.758558	-293.582703	-149.178253	-278.362946
6628.761893	-295.102295	-149.587372	-283.038574
6628.766105	-297.264771	-151.808304	-293.617187
6628.769427	-297.966125	-153.620102	-299.344818
6628.772867	-299.602600	-153.970779	-304.780243
6628.775670	-300.537720	-155.022797	-310.040344
6628.779024	-301.239014	-155.782593	-315.183533
6628.782310	-302.407959	-157.068390	-320.911163
6628.785215	-302.758606	-158.295731	-326.814148
6628.788554	-304.687317	-159.698425	-332.483337
6628.791905	-305.271790	-160.458206	-338.327881
6628.795217	-306.090027	-161.860901	-344.523102
6628.798549	-306.791382	-162.620697	-350.952087
6628.801889	-307.375793	-164.081833	-355.861481
6628.805219	-308.194031	-164.900055	-362.874939
6628.808554	-307.784912	-166.244308	-368.368805
6628.811883	-308.544678	-167.354767	-374.856232
6628.815219	-309.772034	-168.757462	-381.519012
6628.818553	-309.596741	-169.517242	-387.480438
6628.821903	-309.888977	-170.510803	-393.617187
6628.825223	-310.005859	-171.679718	-400.572174
6628.828551	-310.122742	-172.205734	-406.825836
6628.831880	-310.473389	-173.199310	-413.488586
6628.835215	-309.947388	-174.017548	-420.092926
6628.839519	-309.304504	-176.296890	-434.353577
6628.842736	-309.070740	-176.355362	-440.607269
6628.846076	-308.895386	-176.530685	-448.146698
6628.848966	-308.544678	-176.822922	-455.627716
6628.852303	-308.194031	-177.465820	-462.290466
6628.855641	-307.609558	-177.290482	-469.596161
6628.858545	-306.323792	-178.284042	-476.843384
6628.861881	-305.856201	-178.225601	-485.727051
6628.865216	-304.804199	-178.225601	-493.383392
6628.868542	-303.635315	-178.225601	-501.215088
6628.871879	-302.758606	-177.991821	-509.514313
6628.875212	-301.531250	-178.400940	-518.047363
6628.878544	-298.842773	-177.758041	-526.288147
6628.881892	-297.440125	-177.348923	-534.762695
6628.885207	-295.336060	-176.764465	-543.354187
6628.888546	-293.348938	-176.238464	-552.997681
6628.891878	-290.660400	-175.829330	-561.179993
6628.895207	-287.445923	-175.128006	-570.180542
6628.898545	-284.815918	-174.192871	-578.362976
6628.901912	-281.835205	-173.842209	-588.240234
6628.905213	-278.094666	-173.140854	-595.370605
6628.908539	-274.354187	-172.673294	-604.137329
6628.912745	-267.691406	-171.329056	-622.138550
6628.916086	-263.015747	-170.043243	-631.314453
6628.919461	-258.164795	-168.874344	-639.321411
6628.922321	-253.313858	-168.231445	-647.679199
6628.925668	-248.988876	-167.179443	-655.627686
6628.928976	-243.611923	-166.010529	-664.453003
6628.931876	-238.819412	-164.607834	-672.459961
6628.935207	-233.500900	-163.906494	-679.765625
6628.938536	-228.299240	-162.562241	-687.363525
6628.941877	-222.980728	-162.036240	-693.734131
6628.945234	-216.785507	-161.276459	-701.624146
6628.948539	-210.940994	-159.523087	-708.170044
6628.951871	-204.921097	-157.945068	-714.774414
6628.955204	-198.784317	-156.659271	-721.729370
6628.958536	-192.589127	-154.730576	-728.392212
6628.961864	-185.867905	-152.451202	-734.002930
6628.965206	-179.672714	-150.405609	-740.665649
6628.968536	-173.126816	-148.067810	-746.510254
6628.971871	-166.230270	-147.015778	-752.237915
6628.975206	-159.275269	-143.918182	-757.088867
6628.978536	-152.787857	-141.931046	-762.933350
6628.981871	-144.897720	-139.242554	-783.097046
6628.986134	-129.585037	-133.222687	-777.778442
6628.989424	-121.811813	-130.125076	-781.811157
6628.992720	-113.687912	-126.793686	-786.136230
6628.995637	-105.739334	-124.046768	-790.578003
6628.998955	-97.849213	-120.598495	-794.318481
6629.002292	-88.790176	-116.565765	-798.292847
6629.005195	-80.841614	-113.351257	-800.396851
6629.008535	-71.665695	-109.260086	-803.845093
6629.011859	-62.197540	-105.227356	-806.299805
6629.015198	-53.722969	-101.077744	-809.105225
6629.018534	-43.553482	-97.045013	-810.098755
6629.021862	-34.260666	-92.544708	-811.968994
6629.025192	-24.734077	-87.810638	-813.021118
6629.028527	-14.915260	-83.836349	-815.066650
6629.031921	-6.031563	-79.569839	-815.008179
6629.035197	3.962593	-75.420227	-814.949707
6629.038531	14.365871	-71.679718	-815.417358
6629.041867	23.892460	-67.354767	-815.592651
6629.045199	33.302162	-63.263592	-813.956177
6629.048528	43.120979	-59.464642	-812.319702
6629.051864	53.056690	-55.081242	-811.384521
6629.056061	72.694328	-47.132671	-807.293335
6629.059404	82.162476	-43.859730	-805.364746
6629.062736	91.046173	-40.236118	-802.559326
6629.065643	100.455872	-36.320286	-799.461670
6629.068978	109.105789	-33.164230	-795.136719
6629.072315	118.457047	-29.248394	-791.980713
6629.075211	127.340729	-25.507889	-787.947998
6629.078526	135.639984	-22.527180	-785.084229
6629.081857	144.465225	-19.254238	-781.460571
6629.085192	152.004669	-16.215080	-776.258911
6629.088524	160.420807	-12.883694	-771.758667
6629.091861	167.784912	-9.961426	-766.790771
6629.095189	175.441269	-6.571598	-761.764404
6629.098524	182.630035	-3.357100	-756.504395
6629.101858	190.637054	-0.259497	-751.711914
6629.105195	196.715363	3.305670	-745.633545
6629.108519	204.137939	6.344828	-739.379883
6629.111853	210.683807	9.617767	-733.418457
6629.115184	216.703674	12.130919	-726.697266
6629.118540	222.898895	15.053185	-720.677368
6629.121856	229.912323	18.735243	-713.897705
6629.125189	235.464645	21.657509	-707.644043
6629.129444	246.627701	28.612507	-693.500244
6629.132782	252.647583	31.827002	-687.012939
6629.136034	258.199890	35.158386	-679.590332
6629.138949	263.693756	37.905319	-671.700195
6629.142270	268.018677	41.295151	-664.102295
6629.145604	273.044983	44.451199	-656.270630
6629.148520	277.428406	47.665691	-648.789673
6629.151846	282.045593	50.529514	-639.555176
6629.155183	286.253662	53.159557	-632.424927
6629.158516	290.637085	56.257156	-623.541138
6629.161869	294.377563	58.770309	-616.001709
6629.165185	298.644043	60.874344	-607.410278
6629.168515	301.566345	63.971947	-599.520142
6629.171849	305.306824	65.666862	-590.870239
6629.175184	308.521362	68.238457	-583.506104
6629.178509	311.677368	70.400940	-574.213379
6629.181907	313.839844	71.920517	-565.855591
6629.185183	316.820557	74.258331	-557.556396
6629.188513	319.099945	75.777908	-549.724731
6629.191852	321.846863	77.239044	-539.964355
6629.195185	323.834015	78.641724	-532.541748
6629.198514	325.762695	80.628868	-525.002319
6629.202699	328.918762	82.557571	-508.929840
6629.206068	330.730530	83.609589	-501.448853
6629.209385	331.957886	84.194038	-493.383392
6629.212271	332.893066	85.012268	-486.311493
6629.215633	334.295715	85.947403	-478.830505
6629.218963	335.113953	87.116302	-471.758636
6629.221841	335.698425	87.291641	-465.563416
6629.225176	336.516663	88.343658	-457.497955
6629.228508	336.750427	89.337227	-451.068970
6629.231842	336.692017	89.629456	-445.165985
6629.235179	337.919373	90.506134	-438.620117
6629.238510	336.633545	90.623024	-432.483337
6629.241841	337.451782	91.499710	-424.710114
6629.245182	337.510254	91.908829	-418.807129
6629.248522	336.867310	92.843948	-412.728821
6629.251838	336.458191	92.843948	-406.241394
6629.255173	337.218018	93.662186	-400.572174
6629.258508	336.575073	94.246643	-394.376953
6629.261836	336.282898	94.947983	-388.941559
6629.265177	335.406189	95.707779	-382.629456
6629.268502	335.113953	95.590881	-377.720032
6629.271840	333.828186	96.759781	-371.349487
6629.276093	332.367065	97.227356	-359.952667
6629.279472	332.074829	97.636475	-354.341919
6629.282354	331.022766	98.688492	-347.854462
6629.285599	330.029236	99.039154	-342.360626
6629.288933	328.977173	99.565170	-337.392761
6629.292279	328.684998	99.915833	-331.080658
6629.295168	327.282288	100.675629	-326.346588
6629.298503	325.996521	100.149612	-320.502045
6629.301831	325.002930	101.084747	-315.651062
6629.305165	323.834015	101.084747	-310.741699
6629.308503	322.665100	101.435425	-306.007599
6629.311838	321.496216	101.143188	-300.922852
6629.315167	320.035095	101.493866	-296.013428
6629.318505	318.749268	101.493866	-290.928711
6629.321861	317.755676	101.727646	-286.603729
6629.325172	316.177673	101.493866	-281.460541
6629.328498	314.482758	101.201645	-277.486267
6629.331834	313.430725	101.084747	-273.219757
6629.335187	311.911133	101.376968	-268.602600
6629.338507	310.450012	100.967865	-265.680298
6629.341834	309.339569	100.792526	-261.063110
6629.345169	308.287537	100.091171	-257.731750
6629.349346	306.592651	100.149612	-251.127426
6629.352720	305.715973	99.740509	-247.094681
6629.355595	303.904175	99.623611	-243.704849
6629.358922	302.326111	99.097595	-240.256577
6629.362254	301.390991	98.513153	-238.094101
6629.365166	299.871399	98.279373	-234.879608
6629.368490	298.936279	98.513153	-232.249573
6629.371827	297.767395	97.987137	-229.268845
6629.375165	296.773804	97.519577	-226.931030
6629.378509	295.604919	97.168915	-224.710114
6629.381826	293.851562	97.285797	-221.670959
6629.385167	292.799500	97.052017	-219.040909
6629.388493	291.689056	97.110458	-216.527771
6629.391829	290.520172	96.818237	-213.897720
6629.395195	289.409729	96.701340	-212.319687
6629.398489	288.591461	95.941559	-209.981873
6629.401828	287.539459	96.584457	-207.877853
6629.405152	285.961426	96.350677	-205.364700
6629.408524	285.552307	96.116898	-202.676208
6629.411823	283.565186	96.058441	-200.864410
6629.415157	282.688477	96.350677	-198.760376
6629.419369	280.993591	96.058441	-195.078323
6629.422772	279.181763	96.058441	-192.682068
6629.426073	278.071289	95.590881	-190.811813
6629.428939	276.960846	95.883118	-187.538879
6629.432262	275.850372	95.766220	-186.486847
6629.435582	275.324371	95.941559	-184.675049
6629.438528	274.506134	95.707779	-183.038574
6629.441821	273.278778	95.883118	-180.992996
6629.445150	271.642303	95.649323	-178.947388
6629.448490	270.707184	95.941559	-177.135590
6629.451852	269.947388	95.532440	-174.973114
6629.455150	268.778503	96.058441	-173.862656
6629.458486	267.609589	95.473984	-171.992401
6629.461824	267.317352	95.824661	-171.115723
6629.465157	265.563995	95.707779	-168.777924
6629.468485	265.447083	94.889542	-167.667450
6629.471815	264.804199	95.064880	-166.323212
6629.475151	264.278198	94.714203	-165.154297
6629.478487	263.401520	95.006424	-163.693161
6629.481838	262.466400	94.246643	-162.933380
6629.485150	261.414368	93.779083	-162.232025
6629.488498	261.531250	94.363525	-160.946228
6629.492666	260.479248	93.545303	-159.134430
6629.496009	260.011688	93.779083	-158.900635
6629.499322	259.602570	93.311523	-157.673294
6629.502241	259.135010	93.720627	-157.673294
6629.505584	258.609009	93.311523	-158.023956
6629.508908	258.901245	93.369965	-156.738159
6629.511818	258.667450	93.369965	-157.030396
6629.515153	258.024536	93.369965	-156.621277
6629.518500	258.316772	93.136169	-156.855057
6629.521814	257.206299	93.194626	-157.030396
6629.525145	257.673889	92.727066	-155.803040
6629.528490	257.323212	93.077728	-155.744598
6629.531815	257.147858	93.954407	-155.978378
6629.535146	257.381653	93.895966	-155.452362
6629.538476	256.446533	93.486847	-156.387497
6629.541811	256.680298	94.012863	-155.335480
6629.545142	256.563416	94.071304	-155.861481
6629.548477	256.504944	94.421982	-155.510818
6629.551806	256.212738	94.480423	-155.861481
6629.555145	255.628281	94.714203	-155.043243
6629.558480	256.037415	95.123322	-155.101685
6629.561849	255.803619	95.064880	-154.575684
6629.566015	255.452957	95.707779	-155.803040
6629.569431	255.628281	95.883118	-155.218597
6629.572745	255.628281	96.350677	-155.569260
6629.575587	255.511398	96.818237	-155.218597
6629.578924	255.219177	97.110458	-154.984802
6629.582247	255.277603	97.168915	-155.627716
6629.585141	255.745178	97.110458	-155.686157
6629.588473	255.803619	97.870255	-155.627716
6629.591810	255.862076	98.162476	-154.867920
6629.595141	255.745178	98.513153	-155.277039
6629.598477	255.978958	98.513153	-155.978378
6629.601803	256.446533	99.156052	-156.212158
6629.605141	256.738739	99.331375	-156.504395
6629.608477	256.914062	99.565170	-157.614838
6629.611834	257.323212	100.266510	-158.374634
6629.615138	257.264771	100.324951	-158.783752
6629.618474	257.673889	100.149612	-159.368210
6629.621806	258.842773	100.675629	-159.835770
6629.625139	258.959656	101.026306	-161.063126
6629.628470	259.368774	100.909409	-162.641144
6629.631798	259.836365	100.967865	-163.342499
6629.635135	260.362366	101.610748	-164.745178
6629.639377	261.881958	102.078323	-166.615433
6629.642646	262.933960	102.662766	-168.193451
6629.645984	263.401520	103.071884	-170.122162
6629.648899	264.278198	103.247223	-171.349518
6629.652224	265.622437	103.364120	-172.927521
6629.655587	265.856201	103.656342	-174.271774
6629.658469	267.258911	104.766800	-176.434250
6629.661800	267.668030	105.234360	-177.544708
6629.665128	268.310913	105.701920	-179.707184
6629.668471	269.538269	105.643478	-181.986557
6629.671794	270.239624	106.286377	-183.389252
6629.675134	271.116302	107.513733	-185.610168
6629.678481	271.934540	107.747513	-187.597321
6629.681803	272.752808	108.507309	-188.766235
6629.685133	273.863251	108.857971	-191.571594
6629.688464	274.564575	109.910004	-193.909424
6629.691802	275.265930	109.968445	-195.370544
6629.695132	276.317932	110.728226	-197.591461
6629.698501	277.253052	110.611343	-200.104614
6629.701799	278.421997	112.481598	-201.565750
6629.705134	278.889526	113.241379	-203.552902
6629.709331	279.883118	114.410278	-207.059616
6629.712691	281.578003	114.760956	-209.689667
6629.716083	282.396271	115.812973	-211.676804
6629.718911	282.746948	116.455872	-213.547043
6629.722246	284.617187	116.981873	-214.891296
6629.725566	285.143188	118.092346	-217.988892
6629.728460	286.487427	118.618347	-221.086502
6629.731796	287.831665	119.144363	-222.898315
6629.735132	288.474579	120.663940	-225.294556
6629.738457	289.409729	120.839279	-227.632370
6629.741792	290.578613	121.423737	-230.613098
6629.745128	291.396851	122.008179	-233.827591
6629.748461	292.799500	122.943314	-237.451202
6629.751791	293.500854	123.761551	-239.730576
6629.755120	294.319092	124.229111	-243.295746
6629.758455	295.955566	124.638214	-246.977798
6629.761787	297.182922	125.573349	-251.185852
6629.765122	297.767395	125.982468	-254.575684
6629.768464	299.345428	126.625366	-258.023956
6629.771786	300.338989	127.385162	-261.589111
6629.775125	302.092346	127.852722	-266.089417
6629.778454	303.261261	128.963181	-270.706604
6629.782734	305.248413	129.664520	-279.999420
6629.786022	306.592651	130.073639	-283.798340
6629.789295	306.826416	130.716537	-288.766235
6629.792213	308.287537	131.300995	-293.266510
6629.795541	308.813538	132.119217	-298.760376
6629.798887	310.216248	132.645233	-302.909973
6629.801787	311.268250	133.229691	-307.702515
6629.805115	312.144958	133.989471	-312.378143
6629.808449	312.670959	134.924606	-317.053772
6629.811789	313.313843	136.035065	-322.722961
6629.815118	314.248962	136.385742	-327.807709
6629.818451	315.476318	137.496201	-333.886017
6629.821782	315.710114	138.489761	-337.743408
6629.825115	316.645264	139.600235	-343.061951
6629.828482	316.879028	140.009354	-349.257172
6629.831781	317.405029	140.827576	-354.458801
6629.835112	317.521912	141.587372	-360.127991
6629.838447	318.106384	142.931610	-364.686737
6629.841796	318.398590	143.340744	-369.888367
6629.845119	318.164825	143.866745	-375.791351
6629.848452	318.398590	144.568085	-380.992981
6629.851780	318.632385	145.386322	-387.188202
6629.855965	318.690826	146.438339	-398.643494
6629.859318	318.573914	147.782593	-404.955566
6629.862659	318.398590	148.483932	-410.274109
6629.865565	318.749268	149.185272	-416.001740
6629.868891	318.281677	149.009933	-422.606079
6629.872281	317.755676	149.886612	-429.093536
6629.875112	317.229706	150.178848	-434.938049
6629.878449	316.937469	150.763290	-441.776154
6629.881778	316.469910	151.230850	-449.023376
6629.885117	315.476318	150.821747	-455.569275
6629.888448	314.716553	151.172409	-462.874939
6629.891779	314.599670	151.639969	-469.829926
6629.895112	312.378723	151.523087	-476.960236
6629.898441	311.209839	150.938629	-483.564575
6629.901774	309.748657	151.230850	-492.039185
6629.905113	308.696655	151.581528	-499.578583
6629.908466	307.118652	150.821747	-506.708923
6629.911776	305.715973	150.704849	-515.125061
6629.915112	303.144348	149.828171	-523.365845
6629.918439	301.390991	149.243729	-531.197571
6629.921770	299.345428	148.659256	-539.496765
6629.925107	296.481567	147.782593	-547.211548
6629.929372	290.286377	146.263000	-563.985352
6629.932658	287.188782	145.678558	-572.518433
6629.935954	283.857391	145.327881	-580.934570
6629.938870	280.233795	144.801865	-589.292236
6629.942197	276.551727	142.873184	-597.299316
6629.945530	272.694336	142.347168	-605.014038
6629.948442	268.077148	141.061356	-612.845703
6629.951783	264.979553	140.067795	-620.735840
6629.955105	260.245483	139.366455	-627.924561
6629.958440	255.452957	138.723557	-634.879639
6629.961774	250.777328	137.145523	-642.185303
6629.965102	244.874344	136.444183	-650.250732
6629.968434	240.198715	134.515488	-657.673340
6629.971770	234.704849	133.346573	-664.979004
6629.975105	229.737000	132.177673	-671.291016
6629.978436	224.652252	130.541199	-678.421387
6629.981769	218.632370	128.729401	-685.434814
6629.985102	212.437164	127.034485	-691.220947
6629.988431	206.943314	125.573349	-697.708374
6629.991766	200.923431	123.761551	-703.786621
6629.995137	194.494446	122.066620	-709.397461
6629.998436	188.007019	120.254822	-716.410889
6630.002622	174.739929	116.689651	-727.047974
6630.005975	168.135590	114.059616	-732.775513
6630.009304	161.414368	111.371124	-738.853882
6630.012252	154.167145	109.325531	-743.997070
6630.015548	146.978363	106.286377	-748.731201
6630.018877	139.731140	103.831680	-752.705444
6630.021762	131.957916	100.500290	-758.082397
6630.025127	124.243134	97.694916	-762.524292
6630.028426	116.703682	94.305084	-767.316772
6630.031761	107.819984	91.675049	-771.349487
6630.035093	99.754532	87.466980	-775.908203
6630.038445	91.338394	84.544708	-779.414917
6630.041764	82.805374	80.453537	-781.752808
6630.045096	73.395676	76.771477	-785.610229
6630.048425	63.810635	73.206314	-788.473999
6630.051765	55.569839	69.290474	-791.454712
6630.055097	45.692577	64.907074	-793.208008
6630.058432	36.458210	61.926361	-795.779663
6630.061762	26.873173	57.542957	-796.773193
6630.065089	17.638809	53.101112	-798.818848
6630.068439	7.586205	49.477501	-800.455322
6630.071754	-2.232613	44.977207	-800.922852
6630.076040	-21.110466	36.619522	-800.981323
6630.079355	-30.695496	32.703682	-800.280029
6630.082609	-40.455879	28.086498	-800.221558
6630.085514	-49.164238	23.995325	-799.520142
6630.088859	-58.924606	19.670368	-798.643433
6630.092187	-68.275864	16.105202	-797.006958
6630.095091	-77.334900	12.130919	-795.545898
6630.098450	-86.803040	8.156633	-792.974243
6630.101757	-95.043839	4.182350	-791.513184
6630.105088	-103.635300	0.850964	-788.123291
6630.108421	-112.577438	-3.181765	-785.084229
6630.111758	-120.467575	-6.513149	-782.571045
6630.115090	-128.825241	-9.961426	-779.707153
6630.118422	-137.066055	-13.409702	-776.142090
6630.121758	-144.956161	-17.208649	-771.992432
6630.125087	-151.911163	-20.364697	-767.199829
6630.128421	-159.625961	-23.929867	-763.284058
6630.131758	-166.697830	-27.553478	-758.550049
6630.135088	-173.185272	-30.241962	-753.932739
6630.138417	-179.731155	-34.566917	-749.374023
6630.141746	-186.160141	-37.372303	-744.523071
6630.146394	-199.485672	-44.911747	-734.645874
6630.149325	-205.739334	-47.424900	-728.976562
6630.152638	-212.577438	-50.814724	-722.255371
6630.155565	-217.662186	-54.438343	-717.930420
6630.158864	-223.915848	-57.009937	-711.267700
6630.162198	-229.760391	-60.049099	-704.020508
6630.165514	-235.780228	-63.438923	-698.234375
6630.168419	-240.748093	-66.828751	-692.331421
6630.171753	-246.066605	-69.867905	-684.090576
6630.175087	-251.034470	-72.848633	-677.603149
6630.178415	-255.184097	-75.887787	-670.881958
6630.181746	-260.385742	-78.926941	-663.108643
6630.185078	-265.119812	-82.199890	-656.153687
6630.188415	-269.678528	-84.946808	-648.205200
6630.191746	-274.763306	-87.343079	-639.964355
6630.195079	-278.562256	-90.265350	-632.015747
6630.198426	-282.010559	-93.538284	-624.067261
6630.201743	-286.043213	-95.817657	-616.293945
6630.205079	-289.549988	-98.038574	-608.111694
6630.208413	-293.290466	-101.019287	-600.338379
6630.211745	-297.030945	-102.714218	-592.623657
6630.215073	-299.719482	-104.818237	-584.149048
6630.219373	-305.154846	-108.208069	-567.784302
6630.222598	-307.726501	-109.786102	-559.426636
6630.225923	-309.713623	-111.656357	-550.893616
6630.228874	-312.051453	-112.942139	-543.003540
6630.232175	-314.272339	-114.637054	-535.931641
6630.235502	-315.967285	-115.630630	-527.223267
6630.238414	-317.486877	-116.565765	-519.800659
6630.241747	-318.714233	-117.910004	-512.494995
6630.245074	-319.941528	-118.669785	-505.072479
6630.248407	-321.578003	-119.838699	-497.299255
6630.251741	-321.227356	-120.832275	-490.110474
6630.255069	-323.039124	-121.650497	-482.746338
6630.258408	-323.740479	-122.293396	-475.557587
6630.261739	-324.617187	-123.053192	-468.953247
6630.265114	-324.734070	-123.929871	-462.173584
6630.268400	-324.734070	-124.689651	-454.867920
6630.271763	-325.260071	-125.098770	-449.140289
6630.275075	-325.143188	-125.566330	-442.419037
6630.278406	-325.260071	-126.150787	-436.457642
6630.281738	-325.084778	-126.501465	-429.911743
6630.285082	-324.850952	-127.085922	-423.891876
6630.288401	-324.558716	-127.962601	-417.638214
6630.292610	-323.448303	-128.371719	-404.897125
6630.295953	-323.156067	-129.774414	-398.818817
6630.299331	-322.688477	-130.125076	-393.032745
6630.302213	-322.104004	-130.183517	-386.369965
6630.305515	-321.168884	-131.001755	-380.583893
6630.308834	-320.292236	-131.177094	-374.914673
6630.311732	-320.058472	-131.469315	-368.894806
6630.315102	-319.064880	-131.469315	-363.108704
6630.318400	-318.363525	-131.644653	-356.738159
6630.321732	-317.311523	-131.819992	-351.419647
6630.325069	-316.551758	-131.936874	-345.516663
6630.328417	-315.616638	-131.878448	-340.022797
6630.331729	-314.798340	-132.346008	-335.054932
6630.335068	-313.512573	-131.761551	-328.625977
6630.338405	-312.343689	-132.053772	-323.365875
6630.341731	-311.642334	-131.703094	-317.579773
6630.345064	-309.772034	-131.235535	-313.313263
6630.348400	-308.603149	-131.936874	-307.585632
6630.351732	-307.784912	-132.053772	-302.851562
6630.355063	-306.674438	-131.469315	-297.708374
6630.358413	-304.804199	-131.410873	-292.915833
6630.361734	-303.869080	-131.060196	-288.181763
6630.366006	-300.654602	-130.592636	-279.356506
6630.369258	-299.836365	-130.241974	-274.797791
6630.372588	-298.667480	-129.482178	-270.765076
6630.375481	-297.147888	-129.657516	-266.557007
6630.378818	-295.920532	-129.482178	-262.290466
6630.382159	-294.634705	-129.073059	-258.199310
6630.385063	-293.348938	-128.079498	-254.400360
6630.388391	-292.238464	-127.962601	-251.185852
6630.391728	-290.543518	-127.261246	-247.328476
6630.395059	-288.965515	-127.319702	-244.698425
6630.398391	-287.971924	-127.144363	-241.834595
6630.401738	-286.978394	-126.443024	-238.269440
6630.405057	-285.283447	-126.676804	-236.282303
6630.408394	-283.763916	-126.267685	-233.476929
6630.411742	-282.711853	-126.384567	-231.372894
6630.415061	-281.367615	-125.566330	-227.632370
6630.418386	-280.081848	-125.098770	-225.645248
6630.421727	-278.912903	-124.981888	-222.313858
6630.425057	-277.977783	-125.098770	-220.268265
6630.428388	-276.867310	-125.157227	-217.521332
6630.431729	-276.107544	-124.923431	-214.657516
6630.435057	-274.412659	-124.923431	-213.021042
6630.439244	-271.899475	-124.163651	-207.527176
6630.442600	-270.730591	-124.163651	-205.715378
6630.446015	-269.678528	-123.345413	-203.202225
6630.448849	-268.275879	-123.696075	-200.630630
6630.452166	-267.106934	-123.754532	-198.292816
6630.455555	-266.171814	-122.994736	-196.481018
6630.458395	-264.535339	-122.585632	-194.201630
6630.461720	-263.307983	-122.760956	-191.980713
6630.465050	-262.197571	-122.819412	-189.642914
6630.468386	-261.262390	-122.059616	-188.181763
6630.471718	-259.742859	-121.650497	-185.084167
6630.475053	-259.099915	-121.475159	-182.337234
6630.478388	-257.931030	-121.592056	-181.109879
6630.481721	-257.054382	-121.708954	-178.888962
6630.485055	-255.768570	-121.358276	-177.310928
6630.488405	-254.716537	-120.832275	-176.434250
6630.491715	-253.898300	-120.715378	-174.037994
6630.495049	-252.612534	-120.247818	-171.933960
6630.498384	-252.086502	-120.306259	-170.472824
6630.501720	-251.092941	-119.488022	-168.719467
6630.505042	-249.748672	-118.903564	-167.433655
6630.508384	-248.813553	-118.903564	-165.563416
6630.512649	-247.293961	-118.377563	-162.816483
6630.515898	-247.410873	-118.085327	-161.180023
6630.519229	-246.183517	-118.377563	-160.595566
6630.522144	-245.949753	-118.085327	-159.368210
6630.525479	-245.131485	-117.793106	-158.023956
6630.528802	-244.780838	-117.500885	-158.257751
6630.531723	-244.196365	-118.143784	-157.264175
6630.535049	-243.144363	-117.442429	-156.855057
6630.538374	-242.910568	-117.793106	-156.095276
6630.541712	-242.852127	-117.500885	-155.160141
6630.545047	-241.800125	-117.676224	-154.984802
6630.548381	-241.624771	-117.267105	-154.049683
6630.551714	-241.507889	-116.974869	-153.348328
6630.555049	-241.624771	-117.442429	-153.582123
6630.558394	-241.157211	-117.559326	-153.289886
6630.561707	-240.339005	-117.910004	-152.062531
6630.565047	-240.865005	-118.085327	-152.062531
6630.568410	-240.631210	-118.143784	-152.179428
6630.571707	-240.455856	-118.260681	-151.302750
6630.575061	-239.228500	-118.377563	-151.770325
6630.578372	-239.754532	-118.962021	-151.361191
6630.581712	-239.754532	-119.137360	-151.361191
6630.585914	-238.819412	-118.845123	-150.893631
6630.589249	-238.351852	-119.078903	-151.185852
6630.592648	-238.702499	-119.897141	-150.893631
6630.595489	-238.059616	-119.955582	-150.484528
6630.598823	-238.001175	-119.838699	-149.958496
6630.602126	-237.942734	-119.838699	-149.607834
6630.605041	-237.358261	-120.306259	-148.964935
6630.608375	-237.416733	-120.540039	-149.140274
6630.611739	-237.533615	-120.656921	-149.490936
6630.615034	-237.416733	-120.715378	-150.133850
6630.618374	-237.241379	-120.656921	-148.789597
6630.621703	-237.358261	-120.598495	-149.081833
6630.625033	-237.241379	-121.358276	-148.205139
6630.628370	-237.066055	-121.124481	-148.964935
6630.631701	-237.475143	-121.708954	-148.438934
6630.635035	-236.715378	-122.001175	-148.380478
6630.638366	-237.475143	-122.176514	-148.964935
6630.641702	-237.182938	-122.351837	-149.081833
6630.645033	-237.650497	-122.176514	-150.016953
6630.648367	-238.702499	-122.877853	-150.426071
6630.651700	-238.468735	-123.228516	-150.893631
6630.655062	-238.760941	-123.696075	-151.185852
6630.659290	-239.520737	-124.280548	-151.945648
6630.662552	-239.696060	-124.338989	-152.880768
6630.665881	-240.163651	-124.455872	-154.108124
6630.668787	-240.397415	-124.864990	-154.926361
6630.672122	-241.098801	-125.274109	-156.036819
6630.675459	-241.975449	-125.391006	-156.679718
6630.678366	-242.384567	-125.800110	-157.907074
6630.681698	-242.969040	-126.793686	-159.718872
6630.685034	-243.495041	-127.495026	-160.420227
6630.688365	-244.371719	-128.137939	-161.881363
6630.691694	-244.430161	-128.722382	-162.874939
6630.695031	-245.482193	-129.131500	-164.452957
6630.698383	-245.832840	-130.066620	-166.030975
6630.701702	-246.943314	-130.534195	-167.609009
6630.705034	-247.527756	-131.177094	-168.777924
6630.708362	-248.053757	-131.703094	-170.005249
6630.711696	-248.462906	-132.462891	-172.343079
6630.715024	-249.807114	-133.456467	-173.336639
6630.718361	-250.566910	-133.924026	-175.323792
6630.721696	-250.625381	-135.151382	-176.317352
6630.725025	-251.618942	-136.144958	-177.895386
6630.728359	-252.846298	-136.963181	-179.005844
6630.732567	-253.781418	-138.307419	-182.980133
6630.735909	-254.891861	-139.300995	-184.908829
6630.739292	-255.651657	-139.710114	-186.486847
6630.742165	-256.703674	-140.294571	-188.240219
6630.745472	-257.405029	-141.521927	-189.759796
6630.748783	-258.164795	-141.989487	-191.746933
6630.751690	-258.924622	-142.632385	-193.500290
6630.755022	-259.742859	-143.275284	-196.013443
6630.758356	-260.210388	-144.210403	-197.240799
6630.761695	-261.788452	-144.794861	-199.111053
6630.765023	-262.548218	-145.145523	-201.098190
6630.768355	-263.249573	-146.022217	-203.202225
6630.771689	-264.944458	-147.600235	-205.890717
6630.775025	-265.295166	-147.424911	-207.819412
6630.778354	-266.580933	-148.593811	-210.449448
6630.781687	-267.223816	-149.178253	-212.670364
6630.785021	-268.217407	-150.230286	-215.767975
6630.788356	-269.327881	-150.697845	-218.631805
6630.791690	-270.672119	-152.334320	-221.028046
6630.795016	-272.250122	-152.918762	-224.008774
6630.798354	-273.302185	-153.210999	-228.041504
6630.801682	-274.587952	-154.438354	-246.685562
6630.805968	-277.218018	-156.308594	-237.743423
6630.809202	-277.744019	-157.302170	-240.548813
6630.812535	-279.438904	-158.471085	-245.049088
6630.815474	-280.432495	-158.704865	-249.023376
6630.818776	-281.659851	-160.341324	-252.588547
6630.822106	-282.127380	-161.159561	-257.439514
6630.825017	-283.179443	-162.737579	-260.887787
6630.828349	-285.166565	-163.380493	-265.212769
6630.831682	-285.867920	-164.783173	-269.829956
6630.835017	-286.919922	-165.601410	-274.037994
6630.838348	-288.381104	-167.179443	-278.830505
6630.841688	-289.082397	-168.348343	-282.804810
6630.845032	-290.192871	-169.517242	-287.421997
6630.848376	-291.361755	-170.277023	-291.922302
6630.851683	-292.705994	-171.796616	-296.597900
6630.855011	-293.290466	-172.673294	-301.156616
6630.858354	-294.634705	-174.017548	-306.007599
6630.861675	-295.277649	-175.712463	-310.274109
6630.865014	-295.511414	-176.530685	-314.715942
6630.868349	-296.855652	-178.108704	-320.326721
6630.871685	-297.557007	-179.219162	-324.885468
6630.875009	-298.258301	-180.504959	-329.385742
6630.879215	-299.368774	-182.667435	-339.847473
6630.882557	-300.011658	-183.544128	-345.107544
6630.885882	-300.479248	-184.888382	-349.724731
6630.888834	-301.823486	-185.765045	-355.277039
6630.892129	-302.057251	-186.583298	-360.420227
6630.895037	-302.291077	-187.284637	-366.381653
6630.898348	-302.641724	-189.037979	-371.875519
6630.901700	-303.109314	-189.914673	-377.544708
6630.905006	-303.635315	-190.323807	-383.213928
6630.908341	-303.752197	-191.901825	-389.409119
6630.911673	-303.810669	-192.369385	-396.071869
6630.915015	-304.161316	-193.129181	-401.974854
6630.918341	-303.985962	-193.947403	-408.579193
6630.921678	-303.985962	-194.356537	-415.651093
6630.925008	-304.102844	-194.590302	-422.313843
6630.928339	-303.459961	-195.466995	-429.385742
6630.931696	-303.869080	-195.992981	-435.873169
6630.935006	-303.518433	-196.694351	-443.295746
6630.938339	-302.875549	-197.454117	-451.185883
6630.941671	-301.531250	-198.155472	-458.140839
6630.945008	-301.472839	-198.155472	-466.440094
6630.948334	-300.654602	-199.499725	-473.336670
6630.952592	-298.492126	-199.149033	-490.285797
6630.955956	-297.264771	-199.850388	-497.123932
6630.959185	-296.037415	-199.850388	-505.130920
6630.962091	-294.342468	-200.376389	-513.313232
6630.965429	-292.296936	-200.551712	-522.138550
6630.968768	-290.251343	-200.843948	-529.911743
6630.971668	-288.147278	-201.486847	-538.152527
6630.975022	-285.341919	-201.194641	-545.750488
6630.978338	-283.354736	-201.720642	-554.341919
6630.981664	-280.607849	-201.194641	-562.407349
6630.985001	-278.386902	-200.960846	-570.706665
6630.988336	-275.347778	-200.727081	-579.356445
6630.991671	-272.133240	-201.077744	-586.428467
6630.995003	-269.269470	-201.077744	-593.617187
6630.998337	-265.645813	-200.376389	-601.682617
6631.001670	-262.022217	-200.610184	-609.923462
6631.005053	-258.398621	-200.025726	-617.988892
6631.008331	-254.833450	-199.558151	-625.528320
6631.011667	-251.209824	-199.032166	-632.775513
6631.015002	-247.235550	-198.447693	-639.905884
6631.018368	-243.553482	-198.038574	-647.153076
6631.022958	-234.845108	-195.700760	-661.647583
6631.025857	-229.585037	-195.291656	-669.420776
6631.029209	-225.143204	-193.713608	-675.908203
6631.032124	-220.292221	-192.661621	-682.045044
6631.035439	-215.733475	-190.908234	-689.292236
6631.038770	-210.239639	-189.447113	-696.247192
6631.041665	-204.862656	-187.576859	-702.325562
6631.045023	-199.368790	-186.524841	-709.046753
6631.048328	-193.582687	-183.894791	-715.767944
6631.051662	-187.738144	-182.492111	-722.255371
6631.054993	-181.542969	-179.803635	-727.924561
6631.058330	-175.172424	-177.991821	-734.119873
6631.061687	-169.094116	-175.303329	-740.315063
6631.064994	-162.431335	-172.731750	-746.451782
6631.068324	-155.008774	-170.277023	-752.646973
6631.071659	-147.586197	-167.296326	-758.257690
6631.074994	-140.748093	-164.315613	-762.874878
6631.078324	-133.208664	-161.860901	-768.076538
6631.081659	-125.727646	-158.354187	-773.745728
6631.084992	-117.837524	-156.074814	-778.304443
6631.088322	-108.661606	-152.100540	-781.928101
6631.091652	-100.829926	-149.002930	-786.369995
6631.095942	-83.880768	-142.457047	-793.500244
6631.099249	-74.938629	-138.307419	-797.240845
6631.102554	-66.697830	-135.034485	-799.461670
6631.105457	-57.405029	-131.819992	-802.033325
6631.108753	-47.703102	-128.021042	-804.137329
6631.112076	-39.462303	-124.631210	-806.533569
6631.114991	-29.818817	-121.416718	-808.403809
6631.118320	-20.642899	-117.325531	-809.748047
6631.121656	-11.876091	-113.643478	-810.274048
6631.124988	-2.641731	-111.013443	-810.916992
6631.128327	6.241966	-106.980713	-811.559937
6631.131651	15.184105	-104.000000	-812.027466
6631.134988	24.886028	-99.967270	-811.676758
6631.138317	32.893044	-97.278793	-810.624756
6631.141677	41.718292	-93.479843	-809.864990
6631.144990	50.075977	-89.271774	-809.455933
6631.148317	58.550552	-85.589706	-807.351807
6631.151656	67.258911	-82.258331	-806.241333
6631.154983	76.493279	-78.868500	-804.195801
6631.158320	84.383400	-75.186447	-802.559326
6631.161649	92.039742	-71.445938	-799.929321
6631.164979	99.812973	-67.822327	-798.468140
6631.169159	116.294563	-60.633549	-790.987183
6631.172506	124.126244	-56.483929	-788.240234
6631.175846	131.081238	-53.152538	-784.850342
6631.178742	139.029816	-48.886036	-781.402100
6631.182102	146.160141	-45.437756	-777.603149
6631.185477	153.465805	-41.405025	-773.687378
6631.188310	161.239044	-38.015194	-769.829956
6631.191650	168.661606	-33.865574	-764.569824
6631.194995	175.207489	-29.891293	-759.952637
6631.198313	182.220917	-26.150791	-755.335449
6631.201641	189.643478	-22.410290	-748.964966
6631.204981	196.656937	-18.202221	-744.289307
6631.208311	203.553467	-14.812393	-738.094116
6631.211649	209.514908	-10.838104	-732.366455
6631.214982	216.236115	-7.214497	-726.872559
6631.218313	222.431320	-4.116894	-719.683838
6631.221648	228.860321	-0.259497	-712.845703
6631.224975	234.763306	3.597897	-706.299805
6631.228308	241.133850	7.455288	-699.169556
6631.231641	246.569260	10.202221	-692.039185
6631.234980	252.589127	13.825833	-685.434814
6631.238312	257.440094	16.397429	-677.895386
6631.242508	267.960266	22.943308	-663.167114
6631.245907	272.343658	25.456459	-655.569214
6631.249249	277.194641	28.787844	-648.555786
6631.252067	281.578003	32.002338	-640.899536
6631.255401	285.084747	34.047924	-632.775513
6631.258733	289.468140	36.561073	-625.937500
6631.261639	293.208649	39.191116	-618.222656
6631.264974	296.890717	41.002922	-610.858521
6631.268309	300.105194	43.632961	-602.793091
6631.271679	302.910583	45.386322	-596.013428
6631.274975	305.657501	47.022793	-588.064941
6631.278307	308.229126	49.068382	-580.876099
6631.281638	310.800690	50.704849	-573.453552
6631.284969	313.138489	52.341320	-567.375244
6631.288302	315.827026	54.912918	-560.127991
6631.291638	317.346558	56.432495	-553.289917
6631.294973	319.684387	58.010521	-545.984253
6631.298302	321.087097	59.880775	-538.736938
6631.301638	323.191101	61.458797	-531.840454
6631.305000	324.301575	62.569260	-525.177734
6631.308303	325.061340	64.381065	-518.514893
6631.311636	326.580933	66.485092	-511.852142
6631.315854	329.035645	68.647568	-498.818787
6631.319153	329.210999	70.459381	-492.506714
6631.322517	330.905884	71.160721	-485.376373
6631.325397	330.964355	72.797195	-479.356506
6631.328727	331.841003	74.082993	-472.635284
6631.332082	332.308594	75.135010	-466.147858
6631.334962	332.834595	76.479248	-460.127991
6631.338294	332.951477	77.823494	-453.815918
6631.341671	333.477478	79.401520	-447.153137
6631.344971	333.652832	79.927521	-440.431915
6631.348295	333.769714	81.622444	-434.470490
6631.351632	334.061951	82.265335	-427.749268
6631.354965	333.945068	83.668030	-421.261841
6631.358329	333.652832	84.369377	-415.475739
6631.361630	333.711304	84.778488	-408.637634
6631.364971	333.243713	85.830505	-402.442413
6631.368298	333.302185	86.590302	-396.656342
6631.371626	332.542358	87.759201	-390.461121
6631.374961	332.191711	88.635880	-384.265930
6631.378295	331.431885	88.869659	-379.005859
6631.381628	331.081238	89.395676	-374.330200
6631.384963	330.555237	90.272354	-353.231445
6631.389170	329.503174	91.032150	-357.556427
6631.392611	328.626526	91.149033	-351.887207
6631.395910	328.042053	90.973694	-346.919342
6631.398724	327.808289	91.850380	-342.711273
6631.402089	326.522522	91.616600	-338.035645
6631.405386	326.113403	92.610168	-333.652252
6631.408296	324.535339	92.434830	-328.333740
6631.411631	323.600250	92.668610	-324.242554
6631.414960	322.781982	92.668610	-320.268250
6631.418292	321.729980	92.960846	-316.060211
6631.421628	320.911743	93.311523	-312.027466
6631.424961	319.976624	93.369965	-308.637634
6631.428291	318.340149	93.311523	-305.130920
6631.431621	317.872589	93.720627	-301.624207
6631.434959	316.411438	93.779083	-298.468140
6631.438285	315.651672	94.363525	-294.084717
6631.441625	314.658081	94.714203	-291.454712
6631.444973	313.606079	94.947983	-288.123322
6631.448311	312.846283	95.123322	-285.551758
6631.451631	311.502045	95.298660	-282.044983
6631.454958	310.450012	95.415543	-278.830505
6631.458289	309.514893	95.649323	-276.258911
6631.462474	307.761536	95.941559	-270.005249
6631.465801	306.709534	96.584457	-267.258331
6631.469178	305.540588	96.350677	-264.569824
6631.472037	304.313232	96.526001	-261.296906
6631.475384	304.021057	96.818237	-258.608429
6631.478731	302.150818	96.642899	-256.445923
6631.481617	301.040314	97.110458	-252.997665
6631.484955	300.514313	97.168915	-250.542953
6631.488308	299.111633	97.285797	-247.211578
6631.491621	298.351837	96.876678	-244.815308
6631.494958	296.949158	97.402695	-242.243713
6631.498285	296.598480	97.870255	-239.555237
6631.501612	294.962006	97.928696	-237.217422
6631.504944	294.026855	97.870255	-234.879608
6631.508282	292.741089	97.519577	-231.255997
6631.511619	291.689056	97.870255	-229.911758
6631.514946	291.279968	98.220917	-226.638809
6631.518286	289.701935	97.811798	-225.002350
6631.521612	288.708374	97.811798	-222.430756
6631.524952	287.890137	98.045578	-220.677383
6631.528286	286.370544	97.753357	-218.631805
6631.532501	285.318512	97.578018	-215.125076
6631.535878	284.617187	97.285797	-213.839279
6631.539233	283.214478	97.402695	-211.793701
6631.542472	282.805359	97.402695	-210.858566
6631.545365	282.396271	97.227356	-207.994751
6631.548701	281.052002	97.694916	-207.059616
6631.552045	280.818237	97.870255	-205.949158
6631.554947	280.292236	97.461136	-204.312698
6631.558276	279.532410	97.578018	-203.143768
6631.561613	279.181763	97.519577	-202.033310
6631.564944	278.246643	97.870255	-201.331970
6631.568277	277.311523	97.753357	-200.689072
6631.571606	276.727051	97.870255	-199.753952
6631.574969	277.253052	97.987137	-198.292816
6631.578279	276.259491	98.045578	-197.533020
6631.581606	275.850372	98.746933	-197.533020
6631.584940	275.324371	98.805374	-197.182358
6631.588271	274.681458	98.688492	-195.779663
6631.591626	274.213928	98.571594	-195.604340
6631.594939	273.921692	98.863815	-195.078323
6631.598278	273.512573	98.980713	-194.143188
6631.601604	273.220337	99.389832	-194.026306
6631.606236	272.518982	100.383392	-193.734070
6631.609123	271.934540	100.617172	-193.324951
6631.612476	271.759216	100.850967	-191.922272
6631.615375	270.707184	101.026306	-192.331390
6631.618756	270.999390	101.026306	-191.396255
6631.622056	270.531860	101.201645	-190.870255
6631.624942	269.888947	101.435425	-190.344238
6631.628325	269.713623	101.669205	-189.409119
6631.631605	270.122742	101.786087	-188.941559
6631.634936	269.421387	102.545883	-188.415558
6631.638269	269.012268	102.838104	-188.941559
6631.641601	269.129150	102.604324	-188.415558
6631.644933	268.661591	102.662766	-187.947983
6631.648272	268.720032	102.896545	-188.064880
6631.651601	268.778503	103.188782	-187.188202
6631.654935	268.135590	103.130325	-187.889526
6631.658261	268.720032	103.364120	-187.538879
6631.661641	268.427826	103.773239	-187.538879
6631.664937	268.252502	103.539459	-188.181763
6631.668272	268.427826	104.416122	-187.889526
6631.671603	268.953827	104.533020	-187.831100
6631.674929	268.836914	104.474579	-187.480423
6631.679133	268.720032	104.825256	-188.298660
6631.682536	269.070740	105.409698	-189.000000
6631.685853	269.129150	105.877258	-189.526001
6631.688691	269.304504	106.344833	-190.285797
6631.692028	269.538269	106.461716	-191.104034
6631.695348	270.005859	106.753937	-191.630035
6631.698260	270.122742	107.104614	-192.506729
6631.701599	270.648743	107.396851	-193.500290
6631.704953	271.233215	107.864410	-195.078323
6631.708257	271.291626	108.215073	-195.312103
6631.711592	271.876099	108.565750	-196.890121
6631.714930	272.694336	109.267090	-197.474579
6631.718266	273.161865	109.442429	-198.818817
6631.721595	273.395691	109.851547	-200.747528
6631.724922	273.571014	110.494446	-201.273529
6631.728262	273.921692	111.137344	-203.202225
6631.731595	274.447693	111.897141	-205.130920
6631.734924	275.032135	112.949158	-205.715378
6631.738274	275.265930	113.299820	-207.410278
6631.741597	276.434814	114.001175	-209.397430
6631.744928	276.434814	114.468735	-210.391006
6631.748273	276.610168	115.228516	-212.085907
6631.752440	278.421997	116.689651	-214.774399
6631.755779	278.831116	116.806549	-216.703094
6631.759123	279.415527	117.391006	-218.748688
6631.762011	280.000000	118.092346	-220.092926
6631.765390	280.584473	118.326126	-221.086502
6631.768715	281.402679	119.085922	-223.424316
6631.771587	281.694916	119.728806	-224.826996
6631.774923	282.571594	120.897720	-226.229691
6631.778305	283.214478	121.599060	-227.398590
6631.781584	284.091156	121.949738	-229.385742
6631.784924	284.091156	122.475754	-231.898895
6631.788253	284.909424	123.352417	-233.593811
6631.791607	286.136780	123.469315	-235.288727
6631.794922	286.779663	124.287552	-238.094101
6631.798261	287.130310	124.755112	-239.905899
6631.801588	287.714783	125.690231	-241.893051
6631.804922	288.416138	126.274689	-244.347748
6631.808255	289.351257	126.333145	-246.101120
6631.811583	290.286377	126.625366	-248.380478
6631.814913	291.163086	127.502045	-251.536530
6631.818250	292.098206	128.320282	-254.400360
6631.821590	292.857971	128.963181	-256.971954
6631.825894	294.494446	130.716537	-262.758057
6631.829165	295.663361	131.008759	-266.907654
6631.832532	296.364685	132.236115	-269.596130
6631.835379	296.949158	132.528351	-272.401520
6631.838675	297.650513	133.288132	-275.966675
6631.842010	298.936279	134.807709	-279.590302
6631.844920	299.345428	135.333725	-283.389252
6631.848247	299.520752	135.918167	-286.895966
6631.851577	301.683228	136.561066	-290.870239
6631.854913	301.858582	138.022202	-294.610779
6631.858248	302.384583	138.314438	-299.052612
6631.861578	303.202789	139.366455	-303.436035
6631.864910	303.553467	140.418472	-307.410278
6631.868242	304.371704	141.412048	-311.150787
6631.871576	304.897705	142.347168	-315.651062
6631.874914	305.248413	143.223846	-319.450043
6631.878258	305.657501	144.451202	-324.067200
6631.881579	306.651093	145.094101	-328.333740
6631.884911	306.826416	146.204559	-333.067810
6631.888248	307.586212	146.847458	-336.925201
6631.891578	307.761536	148.074814	-341.659271
6631.894916	308.229126	149.360611	-346.042664
6631.899094	308.930450	150.704849	-356.153717
6631.902437	308.988892	151.639969	-360.595551
6631.905786	309.807129	152.516663	-364.628296
6631.908712	309.339569	153.451782	-369.888367
6631.911995	309.514893	154.211563	-375.031555
6631.915354	309.690247	154.679123	-380.057861
6631.918242	309.631805	155.614273	-384.558136
6631.921571	310.099365	155.672699	-390.052032
6631.924907	310.157806	156.724716	-395.195221
6631.928251	310.099365	157.718292	-400.689087
6631.931572	309.456482	158.185852	-406.007599
6631.934907	309.924011	158.302734	-411.501465
6631.938276	309.748657	159.354767	-417.112213
6631.941569	309.631805	159.588547	-421.729401
6631.944904	308.813538	159.997665	-428.158386
6631.948241	308.755127	160.523666	-433.535370
6631.951595	308.053772	160.699005	-440.198120
6631.954907	307.352417	160.874344	-445.984222
6631.958239	306.884857	161.692581	-451.185883
6631.961571	305.949738	162.101685	-457.907074
6631.964901	305.540588	162.101685	-464.452942
6631.968240	304.430145	162.686142	-471.583282
6631.972442	301.858582	162.686142	-485.025726
6631.975856	300.163635	162.803040	-491.980713
6631.979157	298.819397	163.562836	-498.935730
6631.982038	297.358276	163.562836	-506.592072
6631.985328	295.020447	164.147278	-513.021057
6631.988653	293.442444	165.023972	-520.209839
6631.991563	290.870850	164.907074	-527.690796
6631.994916	288.766815	163.679718	-534.938110
6631.998235	286.078308	164.497955	-541.659302
6632.001570	283.389832	164.030396	-549.607788
6632.004897	280.175323	164.030396	-557.790161
6632.008237	277.545288	163.621262	-564.511414
6632.011563	274.330811	163.387482	-570.765015
6632.014900	270.999390	163.387482	-578.947388
6632.018227	267.726471	163.329041	-585.610229
6632.021562	264.278198	162.861481	-592.682007
6632.024924	260.187012	162.744583	-599.286377
6632.028229	256.154297	162.277023	-606.650513
6632.031563	252.296906	162.277023	-613.430176
6632.034900	248.088837	161.634125	-620.618896
6632.038246	243.413208	160.991226	-627.223267
6632.041558	239.322037	159.939209	-633.418457
6632.045746	229.912323	158.010513	-646.685547
6632.049099	225.061371	156.490936	-652.997681
6632.052429	220.794861	155.555817	-659.368164
6632.055313	215.943893	154.912903	-664.628296
6632.058652	210.859146	153.334885	-671.641724
6632.062013	205.599075	151.172409	-677.836914
6632.064895	199.754532	150.354187	-684.733521
6632.068243	195.137344	148.425476	-690.578003
6632.071582	189.117477	146.379898	-696.773193
6632.074896	182.630035	144.509644	-702.442383
6632.078225	176.843964	142.347168	-707.468750
6632.081573	170.707184	140.886032	-712.728760
6632.084890	164.979538	138.665115	-718.631836
6632.088228	158.667450	136.444183	-723.424316
6632.091561	151.654007	134.164825	-729.268799
6632.094890	145.400360	131.827011	-734.704224
6632.098224	137.627121	129.430740	-739.146118
6632.101553	130.555237	126.625366	-744.406250
6632.104897	122.723549	124.229111	-749.315674
6632.108225	115.125656	121.423737	-753.640625
6632.111571	107.293976	118.735245	-758.023926
6632.114892	99.403854	115.053192	-762.524292
6632.119092	83.097603	109.910004	-769.303955
6632.122475	74.330803	107.338394	-772.401489
6632.125351	65.154877	104.416122	-775.908203
6632.128720	56.972530	101.026306	-778.479858
6632.131976	48.322617	98.045578	-781.109863
6632.135318	39.555817	94.772644	-783.097046
6632.138219	30.438339	91.324371	-785.317993
6632.141555	21.613091	87.759201	-786.428467
6632.144887	12.437172	84.720047	-787.889526
6632.148219	3.261253	81.680885	-788.824707
6632.151554	-5.213326	78.115723	-790.168945
6632.154881	-14.213913	75.018112	-791.220947
6632.158219	-23.272942	71.978958	-790.987183
6632.161546	-31.981300	68.180008	-790.928711
6632.164884	-40.864990	64.790176	-790.811768
6632.168227	-48.638222	61.108124	-790.344238
6632.171543	-58.223259	58.010521	-789.409180
6632.174881	-66.639389	54.153130	-788.473999
6632.178213	-74.529510	51.113968	-787.831055
6632.181550	-83.004089	47.198128	-786.194580
6632.184881	-91.829330	43.866745	-783.798340
6632.188218	-99.427231	40.827587	-781.869629
6632.192400	-115.908829	33.346581	-777.953857
6632.195731	-122.863831	29.138515	-775.382202
6632.198662	-129.760376	25.047340	-772.109253
6632.201975	-137.416718	21.365284	-769.128540
6632.205308	-144.430161	17.683226	-766.147827
6632.208637	-151.502029	14.176505	-762.407349
6632.211549	-159.216827	10.319111	-759.602051
6632.214876	-166.288712	6.169491	-754.692627
6632.218206	-171.899490	2.370543	-751.127441
6632.221547	-178.971359	-1.253067	-747.270020
6632.224875	-186.218597	-4.584454	-742.652832
6632.228271	-192.589127	-8.558739	-737.509644
6632.231550	-199.193466	-12.766800	-733.243164
6632.234875	-205.388657	-15.864407	-727.573975
6632.238211	-211.700760	-19.663353	-722.255371
6632.241558	-217.720627	-23.345413	-716.819946
6632.244881	-223.448288	-26.618351	-711.442993
6632.248209	-229.468155	-30.183521	-705.656982
6632.251542	-235.371140	-33.398010	-700.046143
6632.254877	-240.748093	-36.203396	-692.915894
6632.258209	-246.125076	-39.184101	-686.603760
6632.262414	-256.820557	-45.379314	-673.453491
6632.265747	-261.028625	-48.418468	-666.557007
6632.269132	-265.996521	-51.165401	-659.485107
6632.272003	-270.847473	-53.678555	-652.530151
6632.275329	-275.289307	-56.776157	-644.581543
6632.278641	-279.380493	-59.347752	-637.392700
6632.281962	-283.588562	-61.685566	-630.554687
6632.284906	-286.744568	-63.731152	-623.073608
6632.288212	-291.011108	-65.659851	-616.469360
6632.291539	-294.400940	-68.231445	-608.403809
6632.294876	-297.673889	-70.160141	-600.922852
6632.298216	-300.829956	-71.913498	-593.792480
6632.301544	-303.343079	-74.134430	-587.538940
6632.304869	-305.856201	-75.595566	-579.064331
6632.308203	-308.077148	-77.641144	-571.641724
6632.311534	-311.057861	-79.336060	-564.803589
6632.314870	-313.337219	-81.206314	-557.790161
6632.318198	-314.798340	-82.959671	-551.478027
6632.321534	-316.960815	-84.128586	-544.114014
6632.324866	-318.480408	-85.998840	-536.516113
6632.328217	-319.707764	-87.518402	-530.087036
6632.331537	-320.935120	-89.447113	-523.599609
6632.335777	-323.798950	-93.012283	-510.332550
6632.339048	-324.208069	-94.005844	-504.897125
6632.342382	-324.850952	-95.934540	-497.299255
6632.345287	-325.669189	-96.752777	-491.220917
6632.348620	-327.305664	-98.038574	-484.967255
6632.351952	-326.662781	-99.675049	-477.310913
6632.354864	-327.364136	-100.843964	-471.641754
6632.358193	-327.831665	-102.480423	-464.745178
6632.361533	-328.416138	-103.415558	-458.842194
6632.364880	-328.240784	-103.532440	-452.588562
6632.368201	-327.890137	-105.753372	-446.802460
6632.371596	-328.708374	-106.104034	-440.081238
6632.374861	-328.416138	-106.688492	-433.009369
6632.378196	-328.357727	-108.149612	-427.281708
6632.381523	-328.474548	-108.792526	-419.917603
6632.384858	-328.007019	-109.902985	-413.780823
6632.388192	-327.831665	-110.136765	-408.403870
6632.391527	-327.247192	-111.247223	-402.384003
6632.394866	-326.779663	-111.481003	-395.955017
6632.398194	-326.370544	-112.533020	-390.110474
6632.401529	-325.552307	-112.708359	-384.149048
6632.404858	-325.260071	-112.649918	-378.947388
6632.409103	-323.740479	-113.643478	-368.018127
6632.412403	-323.272949	-113.760376	-361.589142
6632.415802	-321.928711	-113.818817	-356.153717
6632.418644	-321.168884	-114.169495	-350.367615
6632.421983	-320.058472	-114.111053	-345.633545
6632.425282	-319.123291	-114.227951	-340.899475
6632.428196	-318.889526	-114.812393	-335.756287
6632.431519	-317.662170	-114.520157	-330.203979
6632.434856	-316.668579	-114.695511	-325.762115
6632.438194	-315.791931	-114.227951	-321.670959
6632.441523	-314.447693	-114.695511	-316.586212
6632.444856	-313.629456	-114.052597	-312.261230
6632.448186	-312.109863	-114.461731	-308.696075
6632.451520	-311.525391	-114.461731	-305.247803
6632.454852	-310.064270	-114.695511	-301.215088
6632.458194	-309.070740	-114.637054	-297.474579
6632.461520	-307.668030	-114.520157	-293.558716
6632.464852	-306.908264	-114.344833	-289.467590
6632.468192	-305.388672	-114.578613	-286.486877
6632.471516	-305.096436	-114.753937	-282.395691
6632.474852	-303.459961	-114.812393	-279.356506
6632.478184	-302.817078	-114.520157	-275.440674
6632.482442	-299.719482	-114.870834	-269.303894
6632.485691	-298.550537	-115.046173	-266.732300
6632.489043	-297.615417	-115.163071	-263.459381
6632.491949	-296.095825	-115.922852	-260.186462
6632.495317	-295.336060	-116.215088	-257.264160
6632.498607	-293.465820	-116.390411	-254.517242
6632.501517	-292.764465	-115.630630	-251.419632
6632.504852	-291.303345	-115.981293	-248.322037
6632.508185	-289.959106	-115.922852	-245.633545
6632.511512	-288.497925	-115.981293	-242.243713
6632.514846	-287.679749	-115.513733	-240.139679
6632.518183	-286.043213	-115.221512	-236.866745
6632.521579	-285.283447	-115.221512	-234.412048
6632.524850	-284.114563	-115.046173	-232.132675
6632.528183	-282.653442	-115.104614	-229.677979
6632.531509	-281.659851	-115.279953	-226.814148
6632.534841	-280.315613	-115.279953	-225.002350
6632.538221	-279.263611	-114.753937	-222.255402
6632.541510	-278.386902	-114.695511	-219.333145
6632.544855	-277.159546	-114.637054	-217.521332
6632.548184	-275.932190	-114.461731	-215.125076
6632.551510	-275.055542	-114.344833	-213.196381
6632.555714	-272.542358	-113.585037	-207.877853
6632.559046	-271.256592	-114.052597	-206.475159
6632.562459	-270.905884	-113.409698	-204.488022
6632.565285	-270.146118	-113.234375	-202.851562
6632.568688	-269.327881	-113.409698	-201.273529
6632.571932	-268.743408	-112.649918	-199.169495
6632.574844	-266.931641	-112.299240	-197.649918
6632.578181	-266.522522	-112.883698	-196.013443
6632.581547	-265.821167	-112.766815	-195.370544
6632.584837	-264.652283	-112.007019	-193.091171
6632.588190	-264.243103	-111.948563	-191.337830
6632.591507	-263.775574	-112.065460	-190.753357
6632.594843	-263.132690	-112.007019	-189.818237
6632.598173	-262.080627	-112.357697	-189.467560
6632.601505	-261.262390	-111.831680	-187.305084
6632.604840	-260.677979	-112.182343	-187.129761
6632.608171	-260.327271	-112.240799	-186.720627
6632.611508	-260.093506	-112.416138	-185.201050
6632.614836	-258.749268	-113.000595	-185.084167
6632.618167	-258.573914	-112.883698	-184.265930
6632.621508	-257.755737	-113.175919	-183.623016
6632.624836	-257.405029	-113.175919	-182.161896
6632.629092	-256.586792	-113.935715	-181.402100
6632.632381	-256.353027	-113.585037	-180.642319
